   EFITD   11/23/2020    #184016  3200             3  65  65
  1.70000005e+00  3.20000005e+00  1.69550002e+00  8.39999974e-01  0.00000000e+00
  1.72028518e+00 -7.55302701e-03 -2.48862848e-01  8.40432495e-02 -2.01391983e+00
  1.27897950e+06 -2.48862848e-01  0.00000000e+00  1.72028518e+00  0.00000000e+00
 -7.55302701e-03  0.00000000e+00  8.40432495e-02  0.00000000e+00  0.00000000e+00
 -3.58985734e+00 -3.58227587e+00 -3.57491088e+00 -3.56776023e+00 -3.56082106e+00
 -3.55409145e+00 -3.54756832e+00 -3.54124951e+00 -3.53513217e+00 -3.52921367e+00
 -3.52349114e+00 -3.51796198e+00 -3.51262331e+00 -3.50747204e+00 -3.50250554e+00
 -3.49772048e+00 -3.49311399e+00 -3.48868322e+00 -3.48442459e+00 -3.48033524e+00
 -3.47641206e+00 -3.47265148e+00 -3.46905041e+00 -3.46560550e+00 -3.46231365e+00
 -3.45917106e+00 -3.45617461e+00 -3.45332050e+00 -3.45060587e+00 -3.44802666e+00
 -3.44557977e+00 -3.44326115e+00 -3.44106770e+00 -3.43899560e+00 -3.43704104e+00
 -3.43520093e+00 -3.43347096e+00 -3.43184805e+00 -3.43032813e+00 -3.42890739e+00
 -3.42758226e+00 -3.42634916e+00 -3.42520428e+00 -3.42414355e+00 -3.42316365e+00
 -3.42226028e+00 -3.42143011e+00 -3.42066908e+00 -3.41997337e+00 -3.41933918e+00
 -3.41876292e+00 -3.41824031e+00 -3.41776776e+00 -3.41734171e+00 -3.41695786e+00
 -3.41661239e+00 -3.41630173e+00 -3.41602182e+00 -3.41576886e+00 -3.41553903e+00
 -3.41532826e+00 -3.41513324e+00 -3.41494942e+00 -3.41477323e+00 -3.41460085e+00
  3.39359570e+04  3.37605352e+04  3.35738516e+04  3.33759023e+04  3.31666875e+04
  3.29462109e+04  3.27144668e+04  3.24714590e+04  3.22171875e+04  3.19516504e+04
  3.16748496e+04  3.13867852e+04  3.10874570e+04  3.07768633e+04  3.04550039e+04
  3.01218828e+04  2.97774941e+04  2.94218438e+04  2.90549277e+04  2.86767480e+04
  2.82873027e+04  2.78865938e+04  2.74746211e+04  2.70513848e+04  2.66168828e+04
  2.61711152e+04  2.57140840e+04  2.52457891e+04  2.47662305e+04  2.42754062e+04
  2.37733184e+04  2.32599648e+04  2.27353477e+04  2.21994668e+04  2.16523203e+04
  2.10939102e+04  2.05242344e+04  1.99432969e+04  1.93510918e+04  1.87476250e+04
  1.81328926e+04  1.75068965e+04  1.68696348e+04  1.62211094e+04  1.55613193e+04
  1.48902646e+04  1.42079463e+04  1.35143633e+04  1.28095156e+04  1.20934043e+04
  1.13660283e+04  1.06273877e+04  9.87748242e+03  9.11631348e+03  8.34387891e+03
  7.56018115e+03  6.76521875e+03  5.95899170e+03  5.14150049e+03  4.31274463e+03
  3.47272437e+03  2.62143994e+03  1.75889099e+03  8.85077698e+02  0.00000000e+00
 -5.30728006e+00 -5.14615726e+00 -4.98757267e+00 -4.83152628e+00 -4.67801809e+00
 -4.52704811e+00 -4.37861633e+00 -4.23272324e+00 -4.08936787e+00 -3.94855118e+00
 -3.81027246e+00 -3.67453218e+00 -3.54133010e+00 -3.41066623e+00 -3.28254056e+00
 -3.15695333e+00 -3.03390408e+00 -2.91339326e+00 -2.79542065e+00 -2.67998648e+00
 -2.56709027e+00 -2.45673251e+00 -2.34891295e+00 -2.24363160e+00 -2.14088845e+00
 -2.04068375e+00 -1.94301713e+00 -1.84788883e+00 -1.75529873e+00 -1.66524696e+00
 -1.57773340e+00 -1.49275804e+00 -1.41032100e+00 -1.33042216e+00 -1.25306165e+00
 -1.17823935e+00 -1.10595536e+00 -1.03620958e+00 -9.69002008e-01 -9.04332757e-01
 -8.42201710e-01 -7.82608926e-01 -7.25554407e-01 -6.71038151e-01 -6.19060159e-01
 -5.69620371e-01 -5.22718847e-01 -4.78355616e-01 -4.36530590e-01 -3.97243857e-01
 -3.60495359e-01 -3.26285094e-01 -2.94613093e-01 -2.65479356e-01 -2.38883883e-01
 -2.14826643e-01 -1.93307653e-01 -1.74326926e-01 -1.57884449e-01 -1.43980235e-01
 -1.32614255e-01 -1.23786546e-01 -1.17497079e-01 -1.13745868e-01 -1.12532906e-01
 -3.26412871e+04 -3.48068242e+04 -3.69723633e+04 -3.91379023e+04 -4.13034414e+04
 -4.34689805e+04 -4.56345195e+04 -4.78000586e+04 -4.99655977e+04 -5.21311367e+04
 -5.42966758e+04 -5.64622148e+04 -5.86277539e+04 -6.07932930e+04 -6.29588320e+04
 -6.51243711e+04 -6.72899062e+04 -6.94554453e+04 -7.16209844e+04 -7.37865234e+04
 -7.59520625e+04 -7.81176016e+04 -8.02831406e+04 -8.24486797e+04 -8.46142188e+04
 -8.67797578e+04 -8.89452969e+04 -9.11108359e+04 -9.32763750e+04 -9.54419141e+04
 -9.76074531e+04 -9.97729922e+04 -1.01938531e+05 -1.04104070e+05 -1.06269609e+05
 -1.08435148e+05 -1.10600688e+05 -1.12766227e+05 -1.14931766e+05 -1.17097305e+05
 -1.19262844e+05 -1.21428383e+05 -1.23593922e+05 -1.25759453e+05 -1.27924992e+05
 -1.30090531e+05 -1.32256078e+05 -1.34421609e+05 -1.36587156e+05 -1.38752688e+05
 -1.40918234e+05 -1.43083766e+05 -1.45249312e+05 -1.47414844e+05 -1.49580391e+05
 -1.51745922e+05 -1.53911469e+05 -1.56077000e+05 -1.58242547e+05 -1.60408078e+05
 -1.62573625e+05 -1.64739156e+05 -1.66904703e+05 -1.69070234e+05 -1.71235781e+05
  1.08634099e-01  9.81280357e-02  8.64534527e-02  7.35646337e-02  5.95901869e-02
  4.48342972e-02  2.97349002e-02  1.47893820e-02  4.30532312e-03  2.68645352e-03
  3.31005722e-04 -6.90353522e-03 -1.61314737e-02 -2.21924204e-02 -2.58516297e-02
 -2.73663271e-02 -2.67209988e-02 -2.37401240e-02 -1.80171691e-02 -8.74254666e-03
  5.61653264e-03  2.01875456e-02  3.12441345e-02  4.00118530e-02  4.71268520e-02
  5.29094264e-02  5.74900545e-02  6.08470067e-02  6.27904683e-02  6.29895478e-02
  6.45340905e-02  6.84572682e-02  7.44580552e-02  8.27084184e-02  9.32931751e-02
  1.06526636e-01  1.21236622e-01  1.34317264e-01  1.46259829e-01  1.57395080e-01
  1.67955101e-01  1.78107858e-01  1.87973052e-01  1.97630972e-01  2.07130164e-01
  2.16494396e-01  2.25728422e-01  2.34822363e-01  2.43754759e-01  2.52495021e-01
  2.61005282e-01  2.69242316e-01  2.77159303e-01  2.84707874e-01  2.91840285e-01
  2.98511714e-01  3.04682344e-01  3.10319483e-01  3.15399110e-01  3.19907010e-01
  3.23839337e-01  3.27202320e-01  3.30011636e-01  3.32291096e-01  3.34071130e-01
  1.06655352e-01  9.43690464e-02  8.03690553e-02  6.44319654e-02  4.65696789e-02
  2.71698255e-02  9.45420656e-03 -1.94582553e-03 -6.08406682e-03 -2.73321406e-03
 -8.66402872e-04 -2.98460736e-03 -6.84115384e-03 -1.00489566e-02 -1.20369038e-02
 -1.25841796e-02 -1.15055777e-02 -8.58753081e-03 -3.56759480e-03  3.84406606e-03
  1.36862528e-02  2.40261387e-02  3.30914594e-02  4.08364572e-02  4.74033169e-02
  5.28967232e-02  5.73450327e-02  6.06772974e-02  6.26810789e-02  6.30361065e-02
  6.46921098e-02  6.87087178e-02  7.48391598e-02  8.31783712e-02  9.38862041e-02
  1.07339755e-01  1.22292638e-01  1.35805890e-01  1.48331091e-01  1.60173610e-01
  1.71535462e-01  1.82556808e-01  1.93335891e-01  2.03939542e-01  2.14409217e-01
  2.24765241e-01  2.35009953e-01  2.45130092e-01  2.55098730e-01  2.64876962e-01
  2.74415463e-01  2.83656418e-01  2.92535841e-01  3.00986171e-01  3.08939666e-01
  3.16331953e-01  3.23105842e-01  3.29214573e-01  3.34624887e-01  3.39318782e-01
  3.43294293e-01  3.46564978e-01  3.49158406e-01  3.51113677e-01  3.52478564e-01
  1.08448170e-01  9.53178108e-02  7.98355639e-02  6.11552633e-02  3.89709473e-02
  2.12003943e-02  9.72293969e-03  4.88394359e-03  6.95014559e-03  1.00912293e-02
  1.16899936e-02  1.17555335e-02  1.09335417e-02  9.95171443e-03  9.37349163e-03
  9.57390852e-03  1.07994648e-02  1.32098934e-02  1.68796815e-02  2.17548739e-02
  2.75786929e-02  3.38895619e-02  4.02075537e-02  4.62159589e-02  5.17592430e-02
  5.67713194e-02  6.12240471e-02  6.51059300e-02  6.84369057e-02  7.14488924e-02
  7.51551613e-02  8.02391768e-02  8.68533403e-02  9.50745940e-02  1.04958683e-01
  1.16464227e-01  1.28885269e-01  1.41225383e-01  1.53307587e-01  1.65154502e-01
  1.76818341e-01  1.88351914e-01  1.99799657e-01  2.11194128e-01  2.22554579e-01
  2.33886287e-01  2.45180100e-01  2.56412268e-01  2.67544299e-01  2.78522938e-01
  2.89280742e-01  2.99737304e-01  3.09801400e-01  3.19374651e-01  3.28356236e-01
  3.36648941e-01  3.44165713e-01  3.50835919e-01  3.56610656e-01  3.61466110e-01
  3.65404725e-01  3.68453890e-01  3.70662481e-01  3.72095913e-01  3.72830778e-01
  1.15155689e-01  1.02762498e-01  8.81125107e-02  7.05754757e-02  5.08744754e-02
  3.80433351e-02  3.32115628e-02  3.19209397e-02  3.12622637e-02  3.08245663e-02
  3.03106941e-02  2.96181701e-02  2.88360771e-02  2.81655490e-02  2.78338697e-02
  2.80409716e-02  2.89364606e-02  3.06107756e-02  3.30881290e-02  3.63189206e-02
  4.01794687e-02  4.44916822e-02  4.90635149e-02  5.37302084e-02  5.83762005e-02
  6.29382282e-02  6.74027279e-02  7.18097016e-02  7.62697756e-02  8.09857547e-02
  8.62326995e-02  9.22701508e-02  9.92727280e-02  1.07321940e-01  1.16408162e-01
  1.26416713e-01  1.37129739e-01  1.48300484e-01  1.59746513e-01  1.71368256e-01
  1.83122113e-01  1.94994062e-01  2.06982881e-01  2.19090208e-01  2.31314287e-01
  2.43645683e-01  2.56063968e-01  2.68534958e-01  2.81007946e-01  2.93413550e-01
  3.05661738e-01  3.17641437e-01  3.29221666e-01  3.40255439e-01  3.50587279e-01
  3.60063165e-01  3.68543267e-01  3.75914186e-01  3.82099628e-01  3.87067080e-01
  3.90829563e-01  3.93442154e-01  3.94994199e-01  3.95598710e-01  3.95381212e-01
  1.26817524e-01  1.16585881e-01  1.04600966e-01  9.10434574e-02  7.75883570e-02
  6.92087114e-02  6.30669743e-02  5.84590733e-02  5.49158640e-02  5.21042421e-02
  4.97985259e-02  4.78730649e-02  4.62904461e-02  4.50780988e-02  4.42991294e-02
  4.40257490e-02  4.43195477e-02  4.52185944e-02  4.67299633e-02  4.88271415e-02
  5.14530279e-02  5.45291938e-02  5.79698235e-02  6.16965815e-02  6.56505972e-02
  6.98001757e-02  7.41454288e-02  7.87212700e-02  8.35984200e-02  8.88789669e-02
  9.46823433e-02  1.01123095e-01  1.08289160e-01  1.16227783e-01  1.24939479e-01
  1.34379432e-01  1.44468233e-01  1.55112043e-01  1.66224048e-01  1.77737370e-01
  1.89607292e-01  2.01806903e-01  2.14321002e-01  2.27140024e-01  2.40254790e-01
  2.53651798e-01  2.67308623e-01  2.81189233e-01  2.95238763e-01  3.09377730e-01
  3.23496163e-01  3.37448150e-01  3.51048917e-01  3.64076972e-01  3.76283824e-01
  3.87412846e-01  3.97224933e-01  4.05525476e-01  4.12187278e-01  4.17164564e-01
  4.20496076e-01  4.22296286e-01  4.22736347e-01  4.22019631e-01  4.20357645e-01
  1.43187702e-01  1.36159137e-01  1.25478983e-01  1.14113897e-01  1.03755362e-01
  9.47933644e-02  8.72821584e-02  8.10415223e-02  7.58516490e-02  7.15176910e-02
  6.78876936e-02  6.48565292e-02  6.23629652e-02  6.03816509e-02  5.89119643e-02
  5.79661913e-02  5.75589836e-02  5.76992892e-02  5.83852008e-02  5.96018545e-02
  6.13224171e-02  6.35117069e-02  6.61317557e-02  6.91480339e-02  7.25352988e-02
  7.62820989e-02  8.03938285e-02  8.48938227e-02  8.98222551e-02  9.52322409e-02
  1.01183116e-01  1.07731789e-01  1.14924200e-01  1.22788876e-01  1.31333768e-01
  1.40546992e-01  1.50401279e-01  1.60860986e-01  1.71889603e-01  1.83455735e-01
  1.95536166e-01  2.08116382e-01  2.21189201e-01  2.34752327e-01  2.48805299e-01
  2.63345808e-01  2.78365374e-01  2.93843806e-01  3.09741706e-01  3.25990885e-01
  3.42481136e-01  3.59044403e-01  3.75437587e-01  3.91330719e-01  4.06312466e-01
  4.19924974e-01  4.31726366e-01  4.41357285e-01  4.48590308e-01  4.53357905e-01
  4.55760568e-01  4.56048936e-01  4.54574317e-01  4.51722354e-01  4.47857410e-01
  1.58276051e-01  1.53448001e-01  1.43822223e-01  1.32990569e-01  1.23112902e-01
  1.14233211e-01  1.06355697e-01  9.94378477e-02  9.34032947e-02  8.81642848e-02
  8.36384147e-02  7.97579736e-02  7.64733180e-02  7.37522244e-02  7.15766475e-02
  6.99381903e-02  6.88334182e-02  6.82598278e-02  6.82129711e-02  6.86850026e-02
  6.96646348e-02  7.11383298e-02  7.30922744e-02  7.55147636e-02  7.83985183e-02
  8.17428008e-02  8.55549425e-02  8.98509473e-02  9.46547687e-02  9.99963433e-02
  1.05908491e-01  1.12423189e-01  1.19567923e-01  1.27362892e-01  1.35819584e-01
  1.44940957e-01  1.54723257e-01  1.65158778e-01  1.76239192e-01  1.87958494e-01
  2.00315177e-01  2.13313550e-01  2.26964042e-01  2.41282806e-01  2.56290674e-01
  2.72011340e-01  2.88468808e-01  3.05683076e-01  3.23663265e-01  3.42396557e-01
  3.61829489e-01  3.81837010e-01  4.02173191e-01  4.22400117e-01  4.41818476e-01
  4.59505081e-01  4.74544376e-01  4.86246109e-01  4.94198442e-01  4.98278290e-01
  4.98700559e-01  4.96054143e-01  4.91159767e-01  4.84801054e-01  4.77589756e-01
  1.70039684e-01  1.66499332e-01  1.57627642e-01  1.47424594e-01  1.37952834e-01
  1.29238397e-01  1.21292979e-01  1.14105992e-01  1.07649639e-01  1.01886116e-01
  9.67748687e-02  9.22781602e-02  8.83644447e-02  8.50097165e-02  8.21972489e-02
  7.99163803e-02  7.81608745e-02  7.69272819e-02  7.62136579e-02  7.60188773e-02
  7.63424039e-02  7.71845356e-02  7.85467178e-02  8.04314986e-02  8.28422010e-02
  8.57835039e-02  8.92631039e-02  9.32925791e-02  9.78874117e-02  1.03066280e-01
  1.08849719e-01  1.15258440e-01  1.22311808e-01  1.30026564e-01  1.38416320e-01
  1.47491589e-01  1.57260761e-01  1.67731494e-01  1.78912506e-01  1.90815389e-01
  2.03456432e-01  2.16858104e-01  2.31050342e-01  2.46071741e-01  2.61970460e-01
  2.78805196e-01  2.96645939e-01  3.15574467e-01  3.35683644e-01  3.57074887e-01
  3.79849672e-01  4.04088408e-01  4.29797143e-01  4.56780314e-01  4.84295726e-01
  5.09545386e-01  5.30119002e-01  5.45186639e-01  5.54205239e-01  5.56804657e-01
  5.52859485e-01  5.43700397e-01  5.32430172e-01  5.20392418e-01  5.08318543e-01
  1.78804889e-01  1.76025257e-01  1.67918935e-01  1.58260599e-01  1.49172083e-01
  1.40683830e-01  1.32809803e-01  1.25550285e-01  1.18895806e-01  1.12830848e-01
  1.07337065e-01  1.02396116e-01  9.79916230e-02  9.41104293e-02  9.07430351e-02
  8.78836513e-02  8.55298638e-02  8.36823061e-02  8.23443756e-02  8.15223306e-02
  8.12255293e-02  8.14668909e-02  8.22628736e-02  8.36315155e-02  8.55842978e-02
  8.81256759e-02  9.12607461e-02  9.49968249e-02  9.93440226e-02  1.04314975e-01
  1.09924152e-01  1.16187014e-01  1.23119265e-01  1.30736291e-01  1.39053032e-01
  1.48084119e-01  1.57844603e-01  1.68350875e-01  1.79621920e-01  1.91680863e-01
  2.04556569e-01  2.18285486e-01  2.32913613e-01  2.48498887e-01  2.65113980e-01
  2.82849967e-01  3.01821202e-01  3.22171926e-01  3.44085664e-01  3.67799133e-01
  3.93623710e-01  4.21981156e-01  4.53470469e-01  4.89022791e-01  5.29399991e-01
  5.65724671e-01  5.93927860e-01  6.13817215e-01  6.24962389e-01  6.26311958e-01
  6.17501140e-01  5.97245872e-01  5.75336695e-01  5.55219233e-01  5.37010074e-01
  1.85160622e-01  1.82842001e-01  1.75300479e-01  1.66091993e-01  1.57366499e-01
  1.49144456e-01  1.41425550e-01  1.34206638e-01  1.27483249e-01  1.21249996e-01
  1.15501054e-01  1.10230751e-01  1.05434291e-01  1.01108387e-01  9.72516686e-02
  9.38650072e-02  9.09517184e-02  8.85178000e-02  8.65722895e-02  8.51280019e-02
  8.42028856e-02  8.38226527e-02  8.40258375e-02  8.48743096e-02  8.63891020e-02
  8.85467902e-02  9.13445726e-02  9.47836041e-02  9.88699645e-02  1.03612930e-01
  1.09024175e-01  1.15116872e-01  1.21905074e-01  1.29403517e-01  1.37627646e-01
  1.46593943e-01  1.56320557e-01  1.66828096e-01  1.78140700e-01  1.90287352e-01
  2.03303546e-01  2.17233047e-01  2.32130349e-01  2.48063549e-01  2.65118122e-01
  2.83401966e-01  3.03052455e-01  3.24246198e-01  3.47213507e-01  3.72260153e-01
  3.99800986e-01  4.30413932e-01  4.64926809e-01  5.04540563e-01  5.50885320e-01
  5.98314643e-01  6.34698808e-01  6.59831285e-01  6.73926175e-01  6.76818788e-01
  6.66970968e-01  6.43561244e-01  6.10562027e-01  5.82373321e-01  5.58491230e-01
  1.89418688e-01  1.87422812e-01  1.80013001e-01  1.71225533e-01  1.62927762e-01
  1.55050054e-01  1.47566080e-01  1.40467718e-01  1.33755162e-01  1.27431840e-01
  1.21502124e-01  1.15970619e-01  1.10842146e-01  1.06122017e-01  1.01816304e-01
  9.79322344e-02  9.44784582e-02  9.14653763e-02  8.89054164e-02  8.68134946e-02
  8.52073729e-02  8.41081440e-02  8.35402533e-02  8.38362202e-02  8.50363821e-02
  8.68583247e-02  8.93511772e-02  9.25069526e-02  9.63340253e-02  1.00841634e-01
  1.06041878e-01  1.11948043e-01  1.18573532e-01  1.25932232e-01  1.34039015e-01
  1.42910242e-01  1.52564287e-01  1.63022324e-01  1.74309194e-01  1.86454475e-01
  1.99493900e-01  2.13471025e-01  2.28439301e-01  2.44464725e-01  2.61629254e-01
  2.80035198e-01  2.99811274e-01  3.21120471e-01  3.44171166e-01  3.69232148e-01
  3.96653056e-01  4.26890999e-01  4.60541457e-01  4.98367906e-01  5.41321397e-01
  5.90242207e-01  6.31513059e-01  6.60517395e-01  6.77673578e-01  6.83127165e-01
  6.77205861e-01  6.58346713e-01  6.26283109e-01  5.93549728e-01  5.66946864e-01
  1.90522775e-01  1.88309819e-01  1.81737557e-01  1.73855945e-01  1.66243806e-01
  1.58841833e-01  1.51664108e-01  1.44732058e-01  1.38066217e-01  1.31684974e-01
  1.25604630e-01  1.19839832e-01  1.14404023e-01  1.09309956e-01  1.04570165e-01
  1.00197323e-01  9.62045863e-02  9.26058218e-02  8.94157514e-02  8.66499916e-02
  8.43248889e-02  8.24569985e-02  8.13584924e-02  8.10584649e-02  8.15793052e-02
  8.29300880e-02  8.51849020e-02  8.80650133e-02  9.16364640e-02  9.59018022e-02
  1.00879431e-01  1.06586903e-01  1.13035455e-01  1.20236672e-01  1.28203154e-01
  1.36949167e-01  1.46490961e-01  1.56847298e-01  1.68040022e-01  1.80094779e-01
  1.93042055e-01  2.06918299e-01  2.21767277e-01  2.37641886e-01  2.54606038e-01
  2.72737235e-01  2.92129219e-01  3.12895536e-01  3.35172981e-01  3.59125167e-01
  3.84945095e-01  4.12855238e-01  4.43103194e-01  4.75952595e-01  5.11682332e-01
  5.50680399e-01  5.90511441e-01  6.18474185e-01  6.36120319e-01  6.44276798e-01
  6.42600715e-01  6.31894112e-01  6.10864758e-01  5.81986189e-01  5.58401704e-01
  1.90221578e-01  1.87388539e-01  1.81755200e-01  1.75025895e-01  1.68100834e-01
  1.61135346e-01  1.54223800e-01  1.47425368e-01  1.40781835e-01  1.34325445e-01
  1.28082663e-01  1.22076228e-01  1.16326362e-01  1.10851698e-01  1.05669864e-01
  1.00797951e-01  9.62528661e-02  9.20515209e-02  8.82109106e-02  8.47480595e-02
  8.16798061e-02  7.93098584e-02  7.76692182e-02  7.67875165e-02  7.66920969e-02
  7.74082467e-02  7.89626911e-02  8.13702345e-02  8.47149119e-02  8.87099802e-02
  9.34399515e-02  9.89457220e-02  1.05212651e-01  1.12247780e-01  1.20059267e-01
  1.28658101e-01  1.38056934e-01  1.48270160e-01  1.59314081e-01  1.71207294e-01
  1.83971182e-01  1.97630465e-01  2.12213740e-01  2.27754012e-01  2.44289234e-01
  2.61862427e-01  2.80521393e-01  3.00317734e-01  3.21303993e-01  3.43528450e-01
  3.67025286e-01  3.91796798e-01  4.17782217e-01  4.44800794e-01  4.72439885e-01
  4.99811292e-01  5.25123060e-01  5.46017766e-01  5.61089218e-01  5.69901109e-01
  5.72447717e-01  5.69036126e-01  5.60463369e-01  5.48456490e-01  5.35440326e-01
  1.91222757e-01  1.88372403e-01  1.82643890e-01  1.76037878e-01  1.69314101e-01
  1.62521228e-01  1.55713528e-01  1.48939326e-01  1.42239556e-01  1.35648921e-01
  1.29197434e-01  1.22911587e-01  1.16815403e-01  1.10931143e-01  1.05279900e-01
  9.98820439e-02  9.47575271e-02  8.99260417e-02  8.54070857e-02  8.12198967e-02
  7.76620433e-02  7.47671872e-02  7.25688785e-02  7.10997656e-02  7.03910291e-02
  7.04719499e-02  7.13696778e-02  7.31079802e-02  7.57083297e-02  7.91706145e-02
  8.35473686e-02  8.89421627e-02  9.50400904e-02  1.01916991e-01  1.09570816e-01
  1.18013546e-01  1.27254069e-01  1.37301832e-01  1.48166388e-01  1.59857705e-01
  1.72386274e-01  1.85763165e-01  1.99999899e-01  2.15108171e-01  2.31099084e-01
  2.47981891e-01  2.65761822e-01  2.84436584e-01  3.03990990e-01  3.24388742e-01
  3.45559925e-01  3.67382705e-01  3.89656663e-01  4.12066102e-01  4.34135079e-01
  4.55192029e-01  4.74395633e-01  4.90877271e-01  5.03943205e-01  5.13193846e-01
  5.18539310e-01  5.20187795e-01  5.18639326e-01  5.14641047e-01  5.09037256e-01
  1.91979200e-01  1.89063087e-01  1.83426395e-01  1.76818579e-01  1.70094371e-01
  1.63287431e-01  1.56431407e-01  1.49560556e-01  1.42707855e-01  1.35904148e-01
  1.29178137e-01  1.22556426e-01  1.16064020e-01  1.09724678e-01  1.03561349e-01
  9.75965485e-02  9.18526649e-02  8.63519758e-02  8.11166540e-02  7.64389336e-02
  7.23555461e-02  6.89039305e-02  6.61215708e-02  6.40453547e-02  6.27109408e-02
  6.21523298e-02  6.24014772e-02  6.34880885e-02  6.54399022e-02  6.82833046e-02
  7.20501542e-02  7.67734572e-02  8.24698955e-02  8.92329589e-02  9.67229605e-02
  1.05013885e-01  1.14097811e-01  1.23980835e-01  1.34664729e-01  1.46150440e-01
  1.58437386e-01  1.71523243e-01  1.85403511e-01  2.00070813e-01  2.15513617e-01
  2.31714457e-01  2.48647213e-01  2.66273409e-01  2.84536988e-01  3.03357571e-01
  3.22621614e-01  3.42171520e-01  3.61793488e-01  3.81206065e-01  4.00054425e-01
  4.17918086e-01  4.34340745e-01  4.48882192e-01  4.61179584e-01  4.70997065e-01
  4.78252888e-01  4.83024329e-01  4.85532701e-01  4.86107022e-01  4.85128373e-01
  1.92776293e-01  1.89788923e-01  1.84025303e-01  1.77323937e-01  1.70496628e-01
  1.63564160e-01  1.56550765e-01  1.49482623e-01  1.42386571e-01  1.35289341e-01
  1.28216937e-01  1.21194489e-01  1.14246242e-01  1.07395776e-01  1.00666426e-01
  9.40818489e-02  8.76665786e-02  8.14456046e-02  7.57061169e-02  7.04877228e-02
  6.58315718e-02  6.17796853e-02  5.83743528e-02  5.56574427e-02  5.36698066e-02
  5.24507053e-02  5.20373657e-02  5.24646938e-02  5.37652113e-02  5.59693091e-02
  5.91057986e-02  6.32013306e-02  6.82795346e-02  7.43644610e-02  8.14637616e-02
  8.96668583e-02  9.86072347e-02  1.08353108e-01  1.18885659e-01  1.30199596e-01
  1.42283499e-01  1.55123189e-01  1.68700576e-01  1.82993114e-01  1.97972775e-01
  2.13604212e-01  2.29842514e-01  2.46630087e-01  2.63893068e-01  2.81537026e-01
  2.99442351e-01  3.17459494e-01  3.35405201e-01  3.53061318e-01  3.70177805e-01
  3.86482328e-01  4.01697069e-01  4.15561557e-01  4.27857161e-01  4.38428342e-01
  4.47195917e-01  4.54160720e-01  4.59397107e-01  4.63037491e-01  4.65251237e-01
  1.93464547e-01  1.90371796e-01  1.84437692e-01  1.77588433e-01  1.70589432e-01
  1.63453326e-01  1.56199768e-01  1.48851305e-01  1.41431779e-01  1.33965299e-01
  1.26475647e-01  1.18986025e-01  1.11518957e-01  1.04096293e-01  9.67396274e-02
  8.94716159e-02  8.23206529e-02  7.55699873e-02  6.92620948e-02  6.34413809e-02
  5.81538156e-02  5.34464754e-02  4.93669510e-02  4.59626839e-02  4.32802327e-02
  4.13645990e-02  4.02585380e-02  4.00020219e-02  4.06318009e-02  4.21810783e-02
  4.46793176e-02  4.81520109e-02  5.26205935e-02  5.81027269e-02  6.46121800e-02
  7.21628666e-02  8.07513595e-02  9.04603228e-02  1.00892067e-01  1.12104990e-01
  1.24064542e-01  1.36748761e-01  1.50127545e-01  1.64166719e-01  1.78827554e-01
  1.94064900e-01  2.09825143e-01  2.26044014e-01  2.42644459e-01  2.59534419e-01
  2.76604891e-01  2.93728322e-01  3.10758352e-01  3.27530771e-01  3.43867391e-01
  3.59581918e-01  3.74488890e-01  3.88414055e-01  4.01204675e-01  4.12738532e-01
  4.22929645e-01  4.31730092e-01  4.39128250e-01  4.45143968e-01  4.49822575e-01
  1.93948910e-01  1.90701813e-01  1.84709981e-01  1.77690208e-01  1.70469642e-01
  1.63064301e-01  1.55496955e-01  1.47792533e-01  1.39975280e-01  1.32068366e-01
  1.24093972e-01  1.16073474e-01  1.08027294e-01  9.99741554e-02  9.19289514e-02
  8.38971511e-02  7.61766434e-02  6.88169748e-02  6.18656315e-02  5.53711616e-02
  4.93839495e-02  4.39560749e-02  3.91407125e-02  3.49913426e-02  3.15608606e-02
  2.89006401e-02  2.70596538e-02  2.60835979e-02  2.60141511e-02  2.68883221e-02
  2.87379455e-02  3.15893292e-02  3.54630984e-02  4.03742716e-02  4.63325940e-02
  5.33432327e-02  6.14069588e-02  7.05246329e-02  8.06788802e-02  9.19429883e-02
  1.03883311e-01  1.16543710e-01  1.29867494e-01  1.43810332e-01  1.58329263e-01
  1.73376426e-01  1.88896790e-01  2.04826936e-01  2.21094131e-01  2.37615779e-01
  2.54298747e-01  2.71039397e-01  2.87724018e-01  3.04230124e-01  3.20428789e-01
  3.36187750e-01  3.51375490e-01  3.65864992e-01  3.79537314e-01  3.92283797e-01
  4.04006779e-01  4.14619088e-01  4.24043059e-01  4.32210952e-01  4.39067870e-01
  1.94532022e-01  1.91062599e-01  1.84958115e-01  1.77795291e-01  1.70286253e-01
  1.62523508e-01  1.54556915e-01  1.46417782e-01  1.38130128e-01  1.29714996e-01
  1.21192291e-01  1.12581842e-01  1.03904404e-01  9.51829329e-02  8.64448324e-02
  7.77256191e-02  6.93245232e-02  6.12669438e-02  5.35922833e-02  4.63482216e-02
  3.95878702e-02  3.33680175e-02  2.77477559e-02  2.27872580e-02  1.85465794e-02
  1.50844399e-02  1.24570495e-02  1.07169552e-02  9.91198514e-03  1.00843078e-02
  1.12696588e-02  1.34967770e-02  1.67870782e-02  2.11546067e-02  2.66062953e-02
  3.31425071e-02  4.07578610e-02  4.94423918e-02  5.91821186e-02  6.99638426e-02
  8.17552060e-02  9.46170762e-02  1.08064234e-01  1.22081228e-01  1.36643559e-01
  1.51708245e-01  1.67223230e-01  1.83128774e-01  1.99358881e-01  2.15841949e-01
  2.32501283e-01  2.49255329e-01  2.66018301e-01  2.82701045e-01  2.99212128e-01
  3.15459043e-01  3.31349224e-01  3.46790344e-01  3.61689240e-01  3.75949055e-01
  3.89464438e-01  4.02114660e-01  4.13757682e-01  4.24228817e-01  4.33350772e-01
  1.96381077e-01  1.92975596e-01  1.86136097e-01  1.78244427e-01  1.70184970e-01
  1.61921665e-01  1.53459534e-01  1.44810066e-01  1.35986179e-01  1.27001435e-01
  1.17870055e-01  1.08607128e-01  9.92291942e-02  8.97558704e-02  8.02144930e-02
  7.08732679e-02  6.17782250e-02  5.29753827e-02  4.45148163e-02  3.64515893e-02
  2.88454387e-02  2.17600111e-02  1.52617907e-02  9.41889733e-03  4.29975335e-03
 -2.83218378e-05 -3.50055727e-03 -6.05616393e-03 -7.63970101e-03 -8.20231903e-03
 -7.70282187e-03 -6.10848516e-03 -3.39559093e-03  4.50376159e-04  5.43489773e-03
  1.15549807e-02  1.88001301e-02  2.71537863e-02  3.65952998e-02  4.71029170e-02
  5.86575344e-02  7.12545216e-02  8.48982185e-02  9.90931466e-02  1.13866009e-01
  1.29145116e-01  1.44875944e-01  1.60997510e-01  1.77447855e-01  1.94165096e-01
  2.11087555e-01  2.28153780e-01  2.45302737e-01  2.62474358e-01  2.79610008e-01
  2.96652913e-01  3.13547939e-01  3.30240279e-01  3.46672088e-01  3.62776339e-01
  3.78465354e-01  3.93612415e-01  4.08024073e-01  4.21409160e-01  4.33375001e-01
  1.97779760e-01  1.94287539e-01  1.87084809e-01  1.78630248e-01  1.70016557e-01
  1.61218002e-01  1.52219817e-01  1.43017992e-01  1.33614838e-01  1.24016218e-01
  1.14229821e-01  1.04263887e-01  9.41251367e-02  8.38138312e-02  7.36060888e-02
  6.35469928e-02  5.36831021e-02  4.40648124e-02  3.47477272e-02  2.57930234e-02
  1.72672160e-02  9.24146920e-03  1.79056718e-03 -5.00836270e-03 -1.10773267e-02
 -1.63390860e-02 -2.07188781e-02 -2.41461452e-02 -2.65562497e-02 -2.78920513e-02
 -2.81052906e-02 -2.71577258e-02 -2.50219144e-02 -2.16816254e-02 -1.71318129e-02
 -1.13781570e-02 -4.43615532e-03  3.67020746e-03  1.29101453e-02  2.32479777e-02
  3.46448831e-02  4.70597856e-02  6.04458749e-02  7.47416690e-02  8.99951607e-02
  1.05694786e-01  1.21867508e-01  1.38431907e-01  1.55326173e-01  1.72498077e-01
  1.89900964e-01  2.07492560e-01  2.25234956e-01  2.43095055e-01  2.61045486e-01
  2.79065341e-01  2.97140688e-01  3.15264285e-01  3.33434016e-01  3.51648688e-01
  3.69899154e-01  3.88149709e-01  4.06295240e-01  4.24033672e-01  4.40493971e-01
  1.98845148e-01  1.95211530e-01  1.87555641e-01  1.78716823e-01  1.69661075e-01
  1.60374895e-01  1.50851846e-01  1.41089320e-01  1.31088004e-01  1.20851263e-01
  1.10384688e-01  9.96966660e-02  8.88011307e-02  7.77258351e-02  6.67468756e-02
  5.58853038e-02  4.51784022e-02  3.46747525e-02  2.44321097e-02  1.45162158e-02
  4.99987463e-03 -4.03807499e-03 -1.25139831e-02 -2.03408506e-02 -2.74300165e-02
 -3.36930417e-02 -3.90437245e-02 -4.34002019e-02 -4.66870032e-02 -4.88370433e-02
 -4.97933924e-02 -4.95107397e-02 -4.79565114e-02 -4.51115370e-02 -4.09702025e-02
 -3.55401151e-02 -2.88412515e-02 -2.09046192e-02 -1.17705632e-02 -1.48676161e-03
  9.89386998e-03  2.23152395e-02  3.57200652e-02  5.00528812e-02  6.52671307e-02
  8.13037604e-02  9.82175022e-02  1.15451068e-01  1.32979289e-01  1.50773853e-01
  1.68807954e-01  1.87058866e-01  2.05509886e-01  2.24152207e-01  2.42986873e-01
  2.62026936e-01  2.81300038e-01  3.00851226e-01  3.20746392e-01  3.41076523e-01
  3.61963421e-01  3.83569449e-01  4.06118363e-01  4.29942042e-01  4.54200506e-01
  1.99450240e-01  1.95616454e-01  1.87839493e-01  1.78672582e-01  1.69214800e-01
  1.59466535e-01  1.49428502e-01  1.39102653e-01  1.28491640e-01  1.17598064e-01
  1.06423520e-01  9.49669406e-02  8.32210034e-02  7.14500025e-02  5.96956387e-02
  4.79976386e-02  3.64011899e-02  2.49596331e-02  1.37352720e-02  2.79930118e-03
 -7.76873389e-03 -1.78818684e-02 -2.74469908e-02 -3.63664255e-02 -4.45398465e-02
 -5.18664047e-02 -5.82471006e-02 -6.35872558e-02 -6.77989945e-02 -7.08036646e-02
 -7.25340545e-02 -7.29362667e-02 -7.19712004e-02 -6.96155205e-02 -6.58620149e-02
 -6.07193634e-02 -5.42113297e-02 -4.63752784e-02 -3.72602604e-02 -2.69245952e-02
 -1.54331122e-02 -2.85407598e-03  1.07442709e-02  2.52977069e-02  4.07507680e-02
  5.70616350e-02  7.42147639e-02  9.22115296e-02  1.10477708e-01  1.28992736e-01
  1.47740528e-01  1.66711271e-01  1.85903370e-01  2.05325752e-01  2.25000530e-01
  2.44966418e-01  2.65283108e-01  2.86036879e-01  3.07348430e-01  3.29383552e-01
  3.52368563e-01  3.76613468e-01  4.02548879e-01  4.30796593e-01  4.59998012e-01
  2.00217366e-01  1.96200967e-01  1.88196465e-01  1.78703368e-01  1.68844476e-01
  1.58629134e-01  1.48066536e-01  1.37165800e-01  1.25934213e-01  1.14376947e-01
  1.02497280e-01  9.02969539e-02  7.77756646e-02  6.52125031e-02  5.26268147e-02
  4.00501639e-02  2.75255293e-02  1.51071688e-02  2.86043459e-03 -9.13858414e-03
 -2.08037198e-02 -3.20397168e-02 -4.27436009e-02 -5.28064147e-02 -6.21153228e-02
 -7.05560595e-02 -7.80156255e-02 -8.43851790e-02 -8.95629972e-02 -9.34573784e-02
 -9.59893167e-02 -9.70949233e-02 -9.67272371e-02 -9.48575884e-02 -9.14761946e-02
 -8.65920857e-02 -8.02322030e-02 -7.24399313e-02 -6.32727966e-02 -5.27997464e-02
 -4.10978645e-02 -2.82487310e-02 -1.43344672e-02  5.66469331e-04  1.63836516e-02
  3.30590680e-02  5.05514108e-02  6.88380599e-02  8.79176408e-02  1.07212193e-01
  1.26710385e-01  1.46408781e-01  1.66313410e-01  1.86441988e-01  2.06826657e-01
  2.27517605e-01  2.48587966e-01  2.70140231e-01  2.92315245e-01  3.15304190e-01
  3.39365244e-01  3.64844143e-01  3.92196655e-01  4.21999782e-01  4.53548431e-01
  2.01531991e-01  1.97384834e-01  1.88876867e-01  1.79037064e-01  1.68741688e-01
  1.58015013e-01  1.46888062e-01  1.35381877e-01  1.23508275e-01  1.11273132e-01
  9.86799896e-02  8.57348740e-02  7.24555701e-02  5.90989254e-02  4.56742607e-02
  3.22083496e-02  1.87427066e-02  5.33246761e-03 -7.95413461e-03 -2.10362766e-02
 -3.38212326e-02 -4.62053977e-02 -5.80757223e-02 -6.93115741e-02 -7.97870681e-02
 -8.93737599e-02 -9.79437381e-02 -1.05372965e-01 -1.11544684e-01 -1.16352893e-01
 -1.19705558e-01 -1.21527508e-01 -1.21762820e-01 -1.20376453e-01 -1.17355220e-01
 -1.12707809e-01 -1.06464013e-01 -9.86730084e-02 -8.94009694e-02 -7.87279084e-02
 -6.67440519e-02 -5.35457581e-02 -3.92312035e-02 -2.38959957e-02 -7.62877753e-03
  9.49295051e-03  2.74066832e-02  4.60682735e-02  6.54551685e-02  8.55697542e-02
  1.05830997e-01  1.26236647e-01  1.46793485e-01  1.67518929e-01  1.88443244e-01
  2.09612399e-01  2.31091753e-01  2.52971023e-01  2.75370926e-01  2.98452944e-01
  3.22433472e-01  3.47606063e-01  3.74377221e-01  4.03320432e-01  4.33969587e-01
  2.02921972e-01  1.98513523e-01  1.90245539e-01  1.80015475e-01  1.69109657e-01
  1.57743126e-01  1.45973161e-01  1.33817717e-01  1.21279031e-01  1.08350791e-01
  9.50199217e-02  8.12649205e-02  6.73250780e-02  5.32258749e-02  3.89926210e-02
  2.46585160e-02  1.02682244e-02 -4.12043789e-03 -1.84358004e-02 -3.25922333e-02
 -4.64905463e-02 -6.00189045e-02 -7.30542243e-02 -8.54641423e-02 -9.71095264e-02
 -1.07847422e-01 -1.17534533e-01 -1.26030967e-01 -1.33204192e-01 -1.38933063e-01
 -1.43111616e-01 -1.45652503e-01 -1.46489918e-01 -1.45581648e-01 -1.42910421e-01
 -1.38484046e-01 -1.32334739e-01 -1.24517404e-01 -1.15106888e-01 -1.04194626e-01
 -9.18845832e-02 -7.82887861e-02 -6.35226518e-02 -4.77002040e-02 -3.09295170e-02
 -1.33083267e-02  5.07993530e-03  2.41697580e-02  4.39168625e-02  6.43013343e-02
  8.53307620e-02  1.06417507e-01  1.27563834e-01  1.48779765e-01  1.70084432e-01
  1.91507578e-01  2.13090956e-01  2.34889612e-01  2.56973445e-01  2.79429078e-01
  3.02362353e-01  3.25902671e-01  3.50215733e-01  3.75559628e-01  4.01912779e-01
  2.07285434e-01  2.03426048e-01  1.93508670e-01  1.81764260e-01  1.69884935e-01
  1.57741562e-01  1.45280227e-01  1.32470012e-01  1.19286552e-01  1.05707005e-01
  9.17079896e-02  7.72646293e-02  6.26264811e-02  4.77937534e-02  3.27808447e-02
  1.76161118e-02  2.34248675e-03 -1.29818460e-02 -2.82830168e-02 -4.34713997e-02
 -5.84419668e-02 -7.30751604e-02 -8.72383341e-02 -1.00787781e-01 -1.13571391e-01
 -1.25431880e-01 -1.36210650e-01 -1.45751894e-01 -1.53907150e-01 -1.60539836e-01
 -1.65529624e-01 -1.68776572e-01 -1.70204446e-01 -1.69763342e-01 -1.67431340e-01
 -1.63214922e-01 -1.57148376e-01 -1.49291918e-01 -1.39728919e-01 -1.28562152e-01
 -1.15909345e-01 -1.01898365e-01 -8.66620243e-02 -7.03330040e-02 -5.30389100e-02
 -3.48976664e-02 -1.60133820e-02  3.52730742e-03  2.36583967e-02  4.43372801e-02
  6.55472055e-02  8.72996598e-02  1.08993255e-01  1.30626231e-01  1.52201518e-01
  1.73728362e-01  1.95220485e-01  2.16693431e-01  2.38160461e-01  2.59626269e-01
  2.81075448e-01  3.02450597e-01  3.23606312e-01  3.44208658e-01  3.63568276e-01
  2.09954679e-01  2.06146866e-01  1.95471928e-01  1.83041081e-01  1.70479029e-01
  1.57700211e-01  1.44642189e-01  1.31256253e-01  1.17502801e-01  1.03347845e-01
  8.87605846e-02  7.37110153e-02  5.84402457e-02  4.29394171e-02  2.72157192e-02
  1.12928459e-02 -4.78864275e-03 -2.09709294e-02 -3.71786617e-02 -5.33189289e-02
 -6.92816004e-02 -8.49401802e-02 -1.00153267e-01 -1.14766628e-01 -1.28616020e-01
 -1.41530648e-01 -1.53337315e-01 -1.63864970e-01 -1.72949731e-01 -1.80439979e-01
 -1.86201319e-01 -1.90121263e-01 -1.92113131e-01 -1.92119151e-01 -1.90112457e-01
 -1.86097786e-01 -1.80110946e-01 -1.72216982e-01 -1.62507132e-01 -1.51094839e-01
 -1.38110965e-01 -1.23698473e-01 -1.08006865e-01 -9.11866575e-02 -7.33840987e-02
 -5.47362603e-02 -3.53667773e-02 -1.53821576e-02  5.13118459e-03  2.61092372e-02
  4.75120321e-02  6.93246871e-02  9.15580913e-02  1.13583997e-01  1.35383531e-01
  1.56951338e-01  1.78282380e-01  1.99365214e-01  2.20176265e-01  2.40672290e-01
  2.60779530e-01  2.80378222e-01  2.99282551e-01  3.17222655e-01  3.33847970e-01
  2.10740104e-01  2.06811801e-01  1.96283326e-01  1.83553070e-01  1.70611605e-01
  1.57421529e-01  1.43935844e-01  1.30109206e-01  1.15899920e-01  1.01271018e-01
  8.61926153e-02  7.06487298e-02  5.48559316e-02  3.87951136e-02  2.24682279e-02
  5.89612685e-03 -1.08818961e-02 -2.78079454e-02 -4.48052436e-02 -6.17780127e-02
 -7.86117390e-02 -9.51739475e-02 -1.11315615e-01 -1.26873285e-01 -1.41671985e-01
 -1.55528858e-01 -1.68257564e-01 -1.79673240e-01 -1.89597949e-01 -1.97866216e-01
 -2.04330578e-01 -2.08866775e-01 -2.11378202e-01 -2.11799473e-01 -2.10098714e-01
 -2.06278563e-01 -2.00375795e-01 -1.92459390e-01 -1.82627380e-01 -1.71002641e-01
 -1.57727689e-01 -1.42959028e-01 -1.26861140e-01 -1.09600559e-01 -9.13401991e-02
 -7.22342134e-02 -5.24234325e-02 -3.20316330e-02 -1.11625623e-02  1.01021184e-02
  3.17038633e-02  5.36067486e-02  7.57940412e-02  9.82581601e-02  1.20278202e-01
  1.41881317e-01  1.63066238e-01  1.83813736e-01  2.04087809e-01  2.23833099e-01
  2.42970228e-01  2.61391103e-01  2.78955609e-01  2.95493722e-01  3.10816228e-01
  2.11095169e-01  2.07096070e-01  1.96364507e-01  1.83466285e-01  1.70327559e-01
  1.56907171e-01  1.43159702e-01  1.29039302e-01  1.14500314e-01  9.94958207e-02
  8.39739591e-02  6.81376159e-02  5.19811735e-02  3.55023146e-02  1.87097620e-02
  1.62709458e-03 -1.57050937e-02 -3.32277752e-02 -5.08625694e-02 -6.85112327e-02
 -8.60557184e-02 -1.03358760e-01 -1.20265201e-01 -1.36604145e-01 -1.52191818e-01
 -1.66835472e-01 -1.80337831e-01 -1.92502484e-01 -2.03139544e-01 -2.12071732e-01
 -2.19140336e-01 -2.24210829e-01 -2.27177784e-01 -2.27968901e-01 -2.26547539e-01
 -2.22914085e-01 -2.17105508e-01 -2.09193632e-01 -1.99281767e-01 -1.87500313e-01
 -1.74001262e-01 -1.58952221e-01 -1.42530039e-01 -1.24914505e-01 -1.06282339e-01
 -8.68017226e-02 -6.66275397e-02 -4.58973050e-02 -2.47279145e-02 -3.21293948e-03
  1.85799077e-02  4.06120233e-02  6.28801435e-02  8.54310021e-02  1.07544348e-01
  1.29156545e-01  1.50231943e-01  1.70738310e-01  1.90636292e-01  2.09874257e-01
  2.28385851e-01  2.46089086e-01  2.62887716e-01  2.78675348e-01  2.93342948e-01
  2.10831165e-01  2.06766248e-01  1.95816547e-01  1.82889387e-01  1.69721782e-01
  1.56243026e-01  1.42399207e-01  1.28143921e-01  1.13433965e-01  9.82263088e-02
  8.24765265e-02  6.64066598e-02  4.99923117e-02  3.32245901e-02  1.61099639e-02
 -1.32871419e-03 -1.90509316e-02 -3.69972736e-02 -5.50884530e-02 -7.32246712e-02
 -9.12855193e-02 -1.09130494e-01 -1.26600206e-01 -1.43518478e-01 -1.59695327e-01
 -1.74930751e-01 -1.89019516e-01 -2.01756582e-01 -2.12943137e-01 -2.22392872e-01
 -2.29938358e-01 -2.35436976e-01 -2.38776281e-01 -2.39878133e-01 -2.38701776e-01
 -2.35245183e-01 -2.29544863e-01 -2.21674070e-01 -2.11739495e-01 -1.99876606e-01
 -1.86244071e-01 -1.71017393e-01 -1.54382393e-01 -1.36528566e-01 -1.17642805e-01
 -9.79037732e-02 -7.74769038e-02 -5.65103292e-02 -3.51317301e-02 -1.34460581e-02
  8.46564770e-03  3.05461437e-02  5.27594090e-02  7.50824511e-02  9.74825919e-02
  1.19196512e-01  1.40242070e-01  1.60611674e-01  1.80280522e-01  1.99210212e-01
  2.17350766e-01  2.34642550e-01  2.51019001e-01  2.66410440e-01  2.80748934e-01
  2.09296510e-01  2.05049947e-01  1.94517136e-01  1.81870565e-01  1.68916076e-01
  1.55566245e-01  1.41782433e-01  1.27536044e-01  1.12796627e-01  9.75297615e-02
  8.16971362e-02  6.55247420e-02  4.89879884e-02  3.20771076e-02  1.47978561e-02
 -2.82740989e-03 -2.07584891e-02 -3.89360823e-02 -5.72807379e-02 -7.56921545e-02
 -9.40489843e-02 -1.12209238e-01 -1.30011469e-01 -1.47276819e-01 -1.63811922e-01
 -1.79412827e-01 -1.93869740e-01 -2.06972599e-01 -2.18517184e-01 -2.28311658e-01
 -2.36183032e-01 -2.41983399e-01 -2.45595440e-01 -2.46936858e-01 -2.45963544e-01
 -2.42671162e-01 -2.37095013e-01 -2.29308337e-01 -2.19418958e-01 -2.07564592e-01
 -1.93907201e-01 -1.78626478e-01 -1.61913171e-01 -1.43962264e-01 -1.24966599e-01
 -1.05111018e-01 -8.45673159e-02 -6.34900331e-02 -4.20132205e-02 -2.02480555e-02
  1.71864463e-03  2.38252189e-02  4.60355245e-02  6.83396757e-02  9.07578096e-02
  1.12471066e-01  1.33475870e-01  1.53759226e-01  1.73298016e-01  1.92059740e-01
  2.10003853e-01  2.27083549e-01  2.43248343e-01  2.58447111e-01  2.72631735e-01
  2.06733733e-01  2.01941416e-01  1.92575946e-01  1.80825457e-01  1.68254346e-01
  1.55122697e-01  1.41484335e-01  1.27343833e-01  1.12685211e-01  9.74807739e-02
  8.16948414e-02  6.55538887e-02  4.90363762e-02  3.21346931e-02  1.48555813e-02
 -2.77842442e-03 -2.07273997e-02 -3.89325581e-02 -5.73150516e-02 -7.57751912e-02
 -9.41921696e-02 -1.12424418e-01 -1.30310774e-01 -1.47672400e-01 -1.64315760e-01
 -1.80036426e-01 -1.94623798e-01 -2.07866713e-01 -2.19559550e-01 -2.29508728e-01
 -2.37539336e-01 -2.43501320e-01 -2.47275054e-01 -2.48775944e-01 -2.47957647e-01
 -2.44813666e-01 -2.39377469e-01 -2.31720716e-01 -2.21949995e-01 -2.10202292e-01
 -1.96639180e-01 -1.81440488e-01 -1.64797440e-01 -1.46905974e-01 -1.27960205e-01
 -1.08146556e-01 -8.76386464e-02 -6.65930286e-02 -4.51457910e-02 -2.34100521e-02
 -1.47416897e-03  2.05995329e-02  4.27757874e-02  6.50475323e-02  8.74374807e-02
  1.09122992e-01  1.30094349e-01  1.50335059e-01  1.69821113e-01  1.88521087e-01
  2.06396982e-01  2.23405898e-01  2.39502206e-01  2.54640311e-01  2.68777847e-01
  2.07471117e-01  2.03098372e-01  1.92905203e-01  1.80733308e-01  1.68158516e-01
  1.55132130e-01  1.41636834e-01  1.27656177e-01  1.13166973e-01  9.81376097e-02
  8.25256556e-02  6.65384382e-02  5.01732826e-02  3.34287249e-02  1.63129680e-02
 -1.15171901e-03 -1.89263597e-02 -3.69534530e-02 -5.51556945e-02 -7.34351873e-02
 -9.16731879e-02 -1.09730467e-01 -1.27448440e-01 -1.44651100e-01 -1.61147863e-01
 -1.76737353e-01 -1.91212043e-01 -2.04363629e-01 -2.15989158e-01 -2.25897297e-01
 -2.33914882e-01 -2.39892974e-01 -2.43712425e-01 -2.45288327e-01 -2.44573265e-01
 -2.41558954e-01 -2.36276403e-01 -2.28794202e-01 -2.19215468e-01 -2.07673341e-01
 -1.94325402e-01 -1.79347426e-01 -1.62926719e-01 -1.45255461e-01 -1.26524329e-01
 -1.06916659e-01 -8.66033956e-02 -6.57387823e-02 -4.44570519e-02 -2.28698328e-02
 -1.06435572e-03  2.08978727e-02  4.29821275e-02  6.51816502e-02  8.75192285e-02
  1.09171815e-01  1.30129203e-01  1.50374010e-01  1.69880748e-01  1.88615710e-01
  2.06537724e-01  2.23599643e-01  2.39750654e-01  2.54939318e-01  2.69117117e-01
  2.07511753e-01  2.03250200e-01  1.93122670e-01  1.80939913e-01  1.68416247e-01
  1.55517414e-01  1.42208785e-01  1.28459319e-01  1.14239365e-01  9.95202884e-02
  8.42766985e-02  6.84937388e-02  5.23872636e-02  3.59366201e-02  1.91410501e-02
  2.01817206e-03 -1.53959747e-02 -3.30463052e-02 -5.08580096e-02 -6.87360689e-02
 -8.65651816e-02 -1.04210190e-01 -1.21517263e-01 -1.38315782e-01 -1.54421136e-01
 -1.69638306e-01 -1.83766395e-01 -1.96603835e-01 -2.07954109e-01 -2.17631951e-01
 -2.25469440e-01 -2.31321961e-01 -2.35073403e-01 -2.36640543e-01 -2.35976085e-01
 -2.33070388e-01 -2.27951467e-01 -2.20683604e-01 -2.11364299e-01 -2.00120062e-01
 -1.87101036e-01 -1.72475085e-01 -1.56421348e-01 -1.39123812e-01 -1.20765187e-01
 -1.01521209e-01 -8.15557092e-02 -6.10164665e-02 -4.00319323e-02 -1.87088195e-02
  2.86950381e-03  2.46439185e-02  4.65800501e-02  6.86691403e-02  9.09318700e-02
  1.12548724e-01  1.33515298e-01  1.53816640e-01  1.73425913e-01  1.92304447e-01
  2.10402310e-01  2.27659836e-01  2.44010136e-01  2.59382844e-01  2.73709297e-01
  2.07552835e-01  2.03441530e-01  1.93119496e-01  1.81079656e-01  1.68751702e-01
  1.56094536e-01  1.43072024e-01  1.29647925e-01  1.15787022e-01  1.01455130e-01
  8.66186619e-02  7.12429807e-02  5.55634499e-02  3.95656005e-02  2.32505053e-02
  6.63588010e-03 -1.02430731e-02 -2.73328926e-02 -4.45612259e-02 -6.18364587e-02
 -7.90476948e-02 -9.60652977e-02 -1.12742007e-01 -1.28914833e-01 -1.44407704e-01
 -1.59034908e-01 -1.72605336e-01 -1.84927404e-01 -1.95814475e-01 -2.05090582e-01
 -2.12596208e-01 -2.18193769e-01 -2.21772552e-01 -2.23252773e-01 -2.22588390e-01
 -2.19768763e-01 -2.14818671e-01 -2.07796946e-01 -1.98793739e-01 -1.87926516e-01
 -1.75335124e-01 -1.61176100e-01 -1.45616710e-01 -1.28828809e-01 -1.10983029e-01
 -9.22433585e-02 -7.27623254e-02 -5.26770353e-02 -3.21059227e-02 -1.11464588e-02
  1.01262266e-02  3.16593908e-02  5.34203574e-02  7.53886327e-02  9.75334346e-02
  1.19092211e-01  1.40083686e-01  1.60499662e-01  1.80311963e-01  1.99474454e-01
  2.17923313e-01  2.35577419e-01  2.52340168e-01  2.68103957e-01  2.82757968e-01
  2.06619531e-01  2.02604666e-01  1.92778587e-01  1.81014925e-01  1.69011667e-01
  1.56727761e-01  1.44117311e-01  1.31136850e-01  1.17746294e-01  1.03908315e-01
  8.95872265e-02  7.47477785e-02  5.96299022e-02  4.42223810e-02  2.85288747e-02
  1.25686042e-02 -3.62295168e-03 -1.99933406e-02 -3.64725552e-02 -5.29727079e-02
 -6.93880841e-02 -8.55956748e-02 -1.01456299e-01 -1.16816387e-01 -1.31510511e-01
 -1.45364583e-01 -1.58199862e-01 -1.69837385e-01 -1.80103064e-01 -1.88832849e-01
 -1.95878088e-01 -2.01110452e-01 -2.04426512e-01 -2.05751315e-01 -2.05041036e-01
 -2.02284425e-01 -1.97502777e-01 -1.90748796e-01 -1.82103932e-01 -1.71674848e-01
 -1.59588754e-01 -1.45988286e-01 -1.31025836e-01 -1.14857972e-01 -9.76398885e-02
 -7.95202777e-02 -6.06367216e-02 -4.11117487e-02 -2.10494976e-02 -5.32927224e-04
  2.03788076e-02  4.16537970e-02  6.32939488e-02  8.53503868e-02  1.07106894e-01
  1.28505170e-01  1.49515375e-01  1.70110479e-01  1.90253660e-01  2.09890515e-01
  2.28942499e-01  2.47301266e-01  2.64825195e-01  2.81341344e-01  2.96656609e-01
  2.05347672e-01  2.01449469e-01  1.91908479e-01  1.80563599e-01  1.69062108e-01
  1.57322317e-01  1.45277411e-01  1.32876605e-01  1.20079085e-01  1.06849357e-01
  9.31542441e-02  7.89611936e-02  6.45142347e-02  4.98071089e-02  3.48479040e-02
  1.96586326e-02  4.27580439e-03 -1.12488186e-02 -2.68476177e-02 -4.24368046e-02
 -5.79164810e-02 -7.31711760e-02 -8.80709216e-02 -1.02472953e-01 -1.16224036e-01
 -1.29163444e-01 -1.41126558e-01 -1.51948974e-01 -1.61471009e-01 -1.69542417e-01
 -1.76027074e-01 -1.80807531e-01 -1.83788881e-01 -1.84902072e-01 -1.84106186e-01
 -1.81389660e-01 -1.76770329e-01 -1.70294270e-01 -1.62033483e-01 -1.52082607e-01
 -1.40554786e-01 -1.27576932e-01 -1.13284633e-01 -9.78168994e-02 -8.13111067e-02
 -6.38980940e-02 -4.56978120e-02 -2.68155411e-02 -7.33878976e-03  1.26648471e-02
  3.31486091e-02  5.40856645e-02  7.54653588e-02  9.72855911e-02  1.18833624e-01
  1.40148088e-01  1.61242396e-01  1.82114556e-01  2.02746674e-01  2.23099262e-01
  2.43100479e-01  2.62630492e-01  2.81500936e-01  2.99436420e-01  3.16077918e-01
  2.03191176e-01  1.99334994e-01  1.90042421e-01  1.79511607e-01  1.68837994e-01
  1.57874122e-01  1.46564364e-01  1.34876668e-01  1.22786134e-01  1.10269375e-01
  9.73012596e-02  8.38509202e-02  7.01509491e-02  5.62182739e-02  4.20704931e-02
  2.77335253e-02  1.32449232e-02 -1.34453748e-03 -1.59700420e-02 -3.05524059e-02
 -4.49981652e-02 -5.92001118e-02 -7.30383322e-02 -8.63817930e-02 -9.90904495e-02
 -1.11018002e-01 -1.22015066e-01 -1.31932870e-01 -1.40627250e-01 -1.47962764e-01
 -1.53816849e-01 -1.58083707e-01 -1.60677776e-01 -1.61536470e-01 -1.60622224e-01
 -1.57923430e-01 -1.53454527e-01 -1.47254840e-01 -1.39386594e-01 -1.29931942e-01
 -1.18989259e-01 -1.06668912e-01 -9.30886492e-02 -7.83688277e-02 -6.26276582e-02
 -4.59766127e-02 -2.85160728e-02 -1.03313634e-02  8.51078797e-03  2.79651340e-02
  4.80095223e-02  6.86434656e-02  8.98782387e-02  1.11089416e-01  1.32268563e-01
  1.53428257e-01  1.74589127e-01  1.95773736e-01  2.17001751e-01  2.38283142e-01
  2.59606421e-01  2.80916035e-01  3.02065313e-01  3.22712898e-01  3.42151672e-01
  1.98758543e-01  1.94429994e-01  1.87102079e-01  1.78200200e-01  1.68644398e-01
  1.58599198e-01  1.48117587e-01  1.37218088e-01  1.25905588e-01  1.14178553e-01
  1.02033168e-01  8.94676968e-02  7.64914975e-02  6.33524433e-02  5.00527397e-02
  3.66128646e-02  2.30677910e-02  9.46574658e-03 -4.13209293e-03 -1.76517516e-02
 -3.10067385e-02 -4.40986380e-02 -5.68181053e-02 -6.90463334e-02 -8.06569830e-02
 -9.15186033e-02 -1.01497471e-01 -1.10460848e-01 -1.18280388e-01 -1.24835782e-01
 -1.30018249e-01 -1.33733943e-01 -1.35906801e-01 -1.36480927e-01 -1.35422260e-01
 -1.32719368e-01 -1.28383428e-01 -1.22447178e-01 -1.14963181e-01 -1.06001168e-01
 -9.56448242e-02 -8.39879811e-02 -7.11305812e-02 -5.71743138e-02 -4.22183052e-02
 -2.63547413e-02 -9.66451690e-03  7.78717920e-03  2.59557031e-02  4.48229276e-02
  6.44062161e-02  8.47758427e-02  1.05276316e-01  1.25896111e-01  1.46649212e-01
  1.67568564e-01  1.88702673e-01  2.10114539e-01  2.31882259e-01  2.54100353e-01
  2.76882082e-01  3.00364107e-01  3.24719220e-01  3.50214273e-01  3.76827776e-01
  1.97250545e-01  1.93113625e-01  1.86144397e-01  1.77890733e-01  1.69107914e-01
  1.59841180e-01  1.50128528e-01  1.39995858e-01  1.29458904e-01  1.18525982e-01
  1.07199676e-01  9.54766795e-02  8.33441839e-02  7.10537285e-02  5.86326122e-02
  4.61117402e-02  3.35295387e-02  2.09338162e-02  8.38266127e-03 -4.05521039e-03
 -1.63005274e-02 -2.82639321e-02 -3.98468710e-02 -5.09428829e-02 -6.14393465e-02
 -7.12196007e-02 -8.01654160e-02 -8.81598145e-02 -9.50899869e-02 -1.00850396e-01
 -1.05345756e-01 -1.08493805e-01 -1.10227779e-01 -1.10498317e-01 -1.09274849e-01
 -1.06546171e-01 -1.02320395e-01 -9.66240317e-02 -8.95003974e-02 -8.10073465e-02
 -7.12144449e-02 -6.01997301e-02 -4.80460823e-02 -3.48375067e-02 -2.06552912e-02
 -5.57417423e-03  1.03414524e-02  2.70413347e-02  4.44930717e-02  6.26849085e-02
  8.16237181e-02  1.01327471e-01  1.21130705e-01  1.41105980e-01  1.61314204e-01
  1.81821272e-01  2.02707633e-01  2.24075645e-01  2.46057555e-01  2.68825740e-01
  2.92607665e-01  3.17708582e-01  3.44548643e-01  3.73718381e-01  4.04739231e-01
  1.96975484e-01  1.93077847e-01  1.86384678e-01  1.78593129e-01  1.70368791e-01
  1.61724225e-01  1.52677953e-01  1.43247619e-01  1.33448169e-01  1.23291537e-01
  1.12787068e-01  1.01942383e-01  9.07651708e-02  7.92678073e-02  6.76933080e-02
  5.60702123e-02  4.44347821e-02  3.28316577e-02  2.13143118e-02  9.94527433e-03
 -1.20396074e-03 -1.20533705e-02 -2.25152224e-02 -3.24952528e-02 -4.18941975e-02
 -5.06096706e-02 -5.85382879e-02 -6.55780807e-02 -7.16309845e-02 -7.66054019e-02
 -8.04187059e-02 -8.29995498e-02 -8.42898563e-02 -8.42463747e-02 -8.28417838e-02
 -8.00651014e-02 -7.59216025e-02 -7.04319552e-02 -6.36308715e-02 -5.55651002e-02
 -4.62910347e-02 -3.58718708e-02 -2.43745483e-02 -1.18665323e-02  1.58744690e-03
  1.59285646e-02  3.11069991e-02  4.70853150e-02  6.38441741e-02  8.13959986e-02
  9.97745916e-02  1.18383802e-01  1.37230903e-01  1.56347916e-01  1.75783485e-01
  1.95603549e-01  2.15895653e-01  2.36775532e-01  2.58396417e-01  2.80961543e-01
  3.04741114e-01  3.30093890e-01  3.57490063e-01  3.87523264e-01  4.19468731e-01
  1.97316036e-01  1.93665609e-01  1.87407434e-01  1.80030167e-01  1.72280625e-01
  1.64170653e-01  1.55712321e-01  1.46919295e-01  1.37805462e-01  1.28384084e-01
  1.18667625e-01  1.08668014e-01  9.83972698e-02  8.78682584e-02  7.70945176e-02
  6.63280636e-02  5.56012914e-02  4.49540839e-02  3.44340205e-02  2.40965262e-02
  1.40048368e-02  4.22951160e-03 -5.15234144e-03 -1.40581839e-02 -2.24014316e-02
 -3.00930906e-02 -3.70436162e-02 -4.31649238e-02 -4.83724996e-02 -5.25875166e-02
 -5.57388961e-02 -5.77651635e-02 -5.86160794e-02 -5.82538731e-02 -5.66540882e-02
 -5.38058765e-02 -4.97118309e-02 -4.43872474e-02 -3.78588922e-02 -3.01633216e-02
 -2.13447493e-02 -1.14526423e-02 -5.39050845e-04  1.13442037e-02  2.41483469e-02
  3.78300361e-02  5.23524657e-02  6.76810145e-02  8.37717801e-02  1.00708932e-01
  1.17920280e-01  1.35411993e-01  1.53194040e-01  1.71287552e-01  1.89727783e-01
  2.08566874e-01  2.27877662e-01  2.47759059e-01  2.68343568e-01  2.89808214e-01
  3.12390119e-01  3.36410165e-01  3.62311542e-01  3.90732467e-01  4.20276612e-01
  1.98341161e-01  1.94980472e-01  1.89009905e-01  1.82006538e-01  1.74683824e-01
  1.67050093e-01  1.59118265e-01  1.50903225e-01  1.42420232e-01  1.33684143e-01
  1.24709181e-01  1.15509093e-01  1.06097490e-01  9.64881778e-02  8.66954401e-02
  7.67342299e-02  6.68658912e-02  5.71245067e-02  4.75506037e-02  3.81915160e-02
  2.91019324e-02  2.03432031e-02  1.19823860e-02  4.09110961e-03 -3.25570744e-03
 -9.98130348e-03 -1.60086639e-02 -2.12622210e-02 -2.56695934e-02 -2.91633233e-02
 -3.16825286e-02 -3.31744105e-02 -3.35955434e-02 -3.29128467e-02 -3.11042368e-02
 -2.81588119e-02 -2.40766238e-02 -1.88680030e-02 -1.25524746e-02 -5.15729282e-03
  3.28440242e-03  1.27357375e-02  2.31584087e-02  3.45154069e-02  4.67747971e-02
  5.99142499e-02  7.39345923e-02  8.88536721e-02  1.04127899e-01  1.19807325e-01
  1.35834187e-01  1.52178541e-01  1.68827385e-01  1.85781151e-01  2.03052834e-01
  2.20668599e-01  2.38669202e-01  2.57112145e-01  2.76074469e-01  2.95656592e-01
  3.15987945e-01  3.37236464e-01  3.59629571e-01  3.83500397e-01  4.07977909e-01
  1.99778497e-01  1.96719319e-01  1.91042915e-01  1.84390351e-01  1.77448839e-01
  1.70233160e-01  1.62765577e-01  1.55067712e-01  1.47158623e-01  1.39055029e-01
  1.30771995e-01  1.22323632e-01  1.13723718e-01  1.04986072e-01  9.61248502e-02
  8.71546417e-02  7.80903995e-02  6.92007095e-02  6.05168864e-02  5.20750657e-02
  4.39223014e-02  3.61118503e-02  2.87019871e-02  2.17546728e-02  1.53344348e-02
  9.50719789e-03  4.33891499e-03 -1.05853193e-04 -3.76534811e-03 -6.58198027e-03
 -8.50362796e-03 -9.48482752e-03 -9.48780030e-03 -8.48326087e-03 -6.45091571e-03
 -3.37958545e-03  7.33116933e-04  5.88150183e-03  1.20527018e-02  1.92278158e-02
  2.73835752e-02  3.64946648e-02  4.65345047e-02  5.74756116e-02  6.92952648e-02
  8.19533244e-02  9.55194011e-02  1.09451056e-01  1.23740666e-01  1.38376206e-01
  1.53331906e-01  1.68581352e-01  1.84101939e-01  1.99876755e-01  2.15895146e-01
  2.32152864e-01  2.48651817e-01  2.65398949e-01  2.82403886e-01  2.99673885e-01
  3.17204505e-01  3.34959954e-01  3.52829278e-01  3.70496064e-01  3.87059897e-01
  2.01469898e-01  1.98697403e-01  1.93451628e-01  1.87129647e-01  1.80483803e-01
  1.73593313e-01  1.66508421e-01  1.59259215e-01  1.51865840e-01  1.44343674e-01
  1.36705801e-01  1.28964543e-01  1.21132277e-01  1.13221899e-01  1.05247095e-01
  9.72222537e-02  8.91618058e-02  8.10783654e-02  7.32403249e-02  6.56500682e-02
  5.83624803e-02  5.14250882e-02  4.48898301e-02  3.88102904e-02  3.32417376e-02
  2.82407906e-02  2.38639135e-02  2.01661289e-02  1.71999913e-02  1.50146466e-02
  1.36549128e-02  1.31603703e-02  1.35645038e-02  1.48939332e-02  1.71678364e-02
  2.03977730e-02  2.45882478e-02  2.97382046e-02  3.58414650e-02  4.28864546e-02
  5.08572310e-02  5.97434528e-02  6.95357174e-02  8.02032277e-02  9.18181315e-02
  1.03881702e-01  1.16436996e-01  1.29416972e-01  1.42772838e-01  1.56463027e-01
  1.70447484e-01  1.84686899e-01  1.99143231e-01  2.13779956e-01  2.28562236e-01
  2.43456364e-01  2.58428693e-01  2.73442984e-01  2.88456291e-01  3.03411275e-01
  3.18224221e-01  3.32765788e-01  3.46832752e-01  3.60116869e-01  3.72201711e-01
  2.04492941e-01  2.02431351e-01  1.96893960e-01  1.90296412e-01  1.83658242e-01
  1.76938713e-01  1.70144320e-01  1.63282037e-01  1.56358004e-01  1.49378285e-01
  1.42349526e-01  1.35279506e-01  1.28177539e-01  1.21054880e-01  1.13925107e-01
  1.06804699e-01  9.97140557e-02  9.26797912e-02  8.57398510e-02  7.88814873e-02
  7.23794848e-02  6.62320480e-02  6.04926422e-02  5.52041046e-02  5.04113324e-02
  4.61644642e-02  4.25123461e-02  3.95015292e-02  3.71762365e-02  3.55782025e-02
  3.47462893e-02  3.47158611e-02  3.55180278e-02  3.71786319e-02  3.97169515e-02
  4.31442969e-02  4.74642329e-02  5.26817776e-02  5.88021129e-02  6.58217221e-02
  7.37018809e-02  8.24696571e-02  9.22175720e-02  1.02479555e-01  1.13304466e-01
  1.24635532e-01  1.36431262e-01  1.48643121e-01  1.61221176e-01  1.74114704e-01
  1.87271848e-01  2.00639173e-01  2.14161694e-01  2.27783024e-01  2.41445333e-01
  2.55089313e-01  2.68653452e-01  2.82072455e-01  2.95274526e-01  3.08176935e-01
  3.20679814e-01  3.32659066e-01  3.43960047e-01  3.54397327e-01  3.63766104e-01
  2.06983298e-01  2.05444232e-01  1.99922457e-01  1.93117544e-01  1.86461210e-01
  1.79892480e-01  1.73375398e-01  1.66890025e-01  1.60425335e-01  1.53975755e-01
  1.47539720e-01  1.41119108e-01  1.34719044e-01  1.28347859e-01  1.22017220e-01
  1.15742214e-01  1.09541677e-01  1.03438295e-01  9.74581912e-02  9.16280523e-02
  8.59861523e-02  8.05167556e-02  7.55079612e-02  7.09449947e-02  6.68493360e-02
  6.32860214e-02  6.02978542e-02  5.79211079e-02  5.61904982e-02  5.51403426e-02
  5.48045561e-02  5.52163050e-02  5.64076081e-02  5.84084205e-02  6.12438954e-02
  6.49257302e-02  6.94263056e-02  7.47644156e-02  8.09915438e-02  8.82092863e-02
  9.60039124e-02  1.04449585e-01  1.13557078e-01  1.23259194e-01  1.33513391e-01
  1.44274279e-01  1.55495316e-01  1.67126641e-01  1.79114521e-01  1.91401064e-01
  2.03923687e-01  2.16614902e-01  2.29402319e-01  2.42209136e-01  2.54954875e-01
  2.67556489e-01  2.79929489e-01  2.91988730e-01  3.03648800e-01  3.14823359e-01
  3.25423986e-01  3.35358679e-01  3.44531447e-01  3.52844238e-01  3.60202610e-01
  2.07898527e-01  2.06631169e-01  2.01381296e-01  1.94773614e-01  1.88336030e-01
  1.82051435e-01  1.75892979e-01  1.69837356e-01  1.63866282e-01  1.57966793e-01
  1.52130917e-01  1.46355465e-01  1.40641645e-01  1.34994790e-01  1.29424244e-01
  1.23943150e-01  1.18568458e-01  1.13320760e-01  1.08224303e-01  1.03306897e-01
  9.86008719e-02  9.41422433e-02  8.99863318e-02  8.61470923e-02  8.25980306e-02
  7.96514228e-02  7.72860348e-02  7.55088851e-02  7.43399635e-02  7.38054961e-02
  7.39351287e-02  7.47612491e-02  7.63202086e-02  7.86564797e-02  8.18326771e-02
  8.59530419e-02  9.06578228e-02  9.60332379e-02  1.02121137e-01  1.08927593e-01
  1.16398498e-01  1.24509975e-01  1.33238956e-01  1.42552465e-01  1.52414531e-01
  1.62785426e-01  1.73621103e-01  1.84872136e-01  1.96482554e-01  2.08388731e-01
  2.20518366e-01  2.32789710e-01  2.45111421e-01  2.57383257e-01  2.69497961e-01
  2.81344354e-01  2.92811513e-01  3.03793281e-01  3.14192593e-01  3.23924839e-01
  3.32919568e-01  3.41120660e-01  3.48485559e-01  3.54983926e-01  3.60596985e-01
  2.07647473e-01  2.06637874e-01  2.01442361e-01  1.95118204e-01  1.89038768e-01
  1.83169037e-01  1.77479476e-01  1.71941206e-01  1.66529745e-01  1.61226451e-01
  1.56018794e-01  1.50900111e-01  1.45869002e-01  1.40928879e-01  1.36087492e-01
  1.31356597e-01  1.26751691e-01  1.22291848e-01  1.17999606e-01  1.13900930e-01
  1.10025302e-01  1.06405757e-01  1.03079066e-01  1.00081868e-01  9.74577889e-02
  9.52793211e-02  9.35892314e-02  9.24199745e-02  9.18006971e-02  9.17595923e-02
  9.23245847e-02  9.35233459e-02  9.53829810e-02  9.79288295e-02  1.01180933e-01
  1.05143629e-01  1.09776296e-01  1.15072273e-01  1.21031284e-01  1.27647698e-01
  1.34906217e-01  1.42789960e-01  1.51279673e-01  1.60352260e-01  1.69980496e-01
  1.80132434e-01  1.90770268e-01  2.01848939e-01  2.13314146e-01  2.25100294e-01
  2.37128034e-01  2.49302074e-01  2.61509627e-01  2.73620367e-01  2.85488963e-01
  2.96960741e-01  3.07881147e-01  3.18106979e-01  3.27517986e-01  3.36025566e-01
  3.43577683e-01  3.50158989e-01  3.55786473e-01  3.60501647e-01  3.64361048e-01
  2.05567390e-01  2.04649180e-01  1.99895933e-01  1.93983898e-01  1.88400149e-01
  1.83093503e-01  1.78009495e-01  1.73102945e-01  1.68339849e-01  1.63696632e-01
  1.59158513e-01  1.54717952e-01  1.50373414e-01  1.46128312e-01  1.41990393e-01
  1.37971178e-01  1.34085611e-01  1.30351767e-01  1.26790792e-01  1.23426631e-01
  1.20286062e-01  1.17398530e-01  1.14796020e-01  1.12512805e-01  1.10586114e-01
  1.09056145e-01  1.07959397e-01  1.07328549e-01  1.07193381e-01  1.07581601e-01
  1.08519197e-01  1.10030331e-01  1.12136900e-01  1.14857517e-01  1.18205830e-01
  1.22188404e-01  1.26803935e-01  1.32051617e-01  1.37930736e-01  1.44438863e-01
  1.51570767e-01  1.59318939e-01  1.67673454e-01  1.76621526e-01  1.86146960e-01
  1.96229056e-01  2.06841335e-01  2.17949435e-01  2.29508355e-01  2.41458759e-01
  2.53722370e-01  2.66196281e-01  2.78747320e-01  2.91207016e-01  3.03371131e-01
  3.15007180e-01  3.25873196e-01  3.35746020e-01  3.44449669e-01  3.51875693e-01
  3.57991934e-01  3.62841636e-01  3.66532624e-01  3.69216263e-01  3.71059150e-01
  2.01645002e-01  2.00736925e-01  1.96353450e-01  1.91069007e-01  1.86247796e-01
  1.81744799e-01  1.77459031e-01  1.73328742e-01  1.69317290e-01  1.65403813e-01
  1.61577880e-01  1.57836273e-01  1.54181108e-01  1.50618672e-01  1.47158772e-01
  1.43814132e-01  1.40600219e-01  1.37534946e-01  1.34638563e-01  1.31933510e-01
  1.29444286e-01  1.27197340e-01  1.25220850e-01  1.23544514e-01  1.22199163e-01
  1.21216163e-01  1.20626055e-01  1.20457955e-01  1.20739356e-01  1.21496059e-01
  1.22752197e-01  1.24530025e-01  1.26849636e-01  1.29728571e-01  1.33181289e-01
  1.37218997e-01  1.41849846e-01  1.47080362e-01  1.52915925e-01  1.59360811e-01
  1.66418105e-01  1.74089804e-01  1.82376802e-01  1.91278666e-01  2.00793236e-01
  2.10915804e-01  2.21637934e-01  2.32945278e-01  2.44814545e-01  2.57208675e-01
  2.70069808e-01  2.83309072e-01  2.96792150e-01  3.10319811e-01  3.23606849e-01
  3.36272895e-01  3.47875237e-01  3.57996434e-01  3.66333514e-01  3.72733593e-01
  3.77192289e-01  3.79849344e-01  3.80982518e-01  3.80969018e-01  3.80195200e-01
  1.94800973e-01  1.93515390e-01  1.89870343e-01  1.86056688e-01  1.82591036e-01
  1.79258272e-01  1.75996184e-01  1.72781631e-01  1.69607058e-01  1.66472584e-01
  1.63382858e-01  1.60345525e-01  1.57370508e-01  1.54469654e-01  1.51656538e-01
  1.48946360e-01  1.46355942e-01  1.43903658e-01  1.41609445e-01  1.39494687e-01
  1.37582257e-01  1.35896295e-01  1.34462133e-01  1.33305967e-01  1.32454664e-01
  1.31935254e-01  1.31774500e-01  1.31998509e-01  1.32632360e-01  1.33700058e-01
  1.35224283e-01  1.37226284e-01  1.39725685e-01  1.42740443e-01  1.46286666e-01
  1.50378779e-01  1.55029684e-01  1.60251290e-01  1.66054904e-01  1.72451586e-01
  1.79452479e-01  1.87069073e-01  1.95313647e-01  2.04199389e-01  2.13740677e-01
  2.23952949e-01  2.34852448e-01  2.46455163e-01  2.58774996e-01  2.71820217e-01
  2.85587192e-01  3.00049663e-01  3.15139949e-01  3.30714256e-01  3.46481770e-01
  3.61849189e-01  3.75756621e-01  3.87156159e-01  3.95569324e-01  4.00870025e-01
  4.03101385e-01  4.02476877e-01  3.99518400e-01  3.95246953e-01  3.90737176e-01
  1.84802547e-01  1.82217434e-01  1.81133494e-01  1.79954886e-01  1.78241268e-01
  1.76243380e-01  1.74077868e-01  1.71808824e-01  1.69477597e-01  1.67114392e-01
  1.64743394e-01  1.62385464e-01  1.60059586e-01  1.57783791e-01  1.55575827e-01
  1.53453559e-01  1.51435316e-01  1.49540052e-01  1.47787601e-01  1.46198660e-01
  1.44794837e-01  1.43598616e-01  1.42633244e-01  1.41922593e-01  1.41490921e-01
  1.41362637e-01  1.41562060e-01  1.42113104e-01  1.43039107e-01  1.44362643e-01
  1.46105349e-01  1.48287892e-01  1.50929853e-01  1.54049680e-01  1.57664880e-01
  1.61792025e-01  1.66447118e-01  1.71645910e-01  1.77404404e-01  1.83739290e-01
  1.90668568e-01  1.98212162e-01  2.06392720e-01  2.15236500e-01  2.24774346e-01
  2.35042915e-01  2.46085986e-01  2.57955879e-01  2.70714760e-01  2.84435719e-01
  2.99202859e-01  3.15109760e-01  3.32255721e-01  3.50741595e-01  3.70678216e-01
  3.92288536e-01  4.11673099e-01  4.25198108e-01  4.33743745e-01  4.37775135e-01
  4.36900705e-01  4.31505919e-01  4.21015292e-01  4.08993155e-01  3.99882346e-01
  1.78597510e-01  1.75747991e-01  1.75313652e-01  1.75191626e-01  1.74562156e-01
  1.73558608e-01  1.72287837e-01  1.70829326e-01  1.69242173e-01  1.67571351e-01
  1.65852442e-01  1.64114550e-01  1.62382543e-01  1.60678476e-01  1.59022689e-01
  1.57434583e-01  1.55933201e-01  1.54537663e-01  1.53267369e-01  1.52142286e-01
  1.51182979e-01  1.50410593e-01  1.49846882e-01  1.49514064e-01  1.49434686e-01
  1.49631485e-01  1.50127128e-01  1.50944114e-01  1.52104542e-01  1.53629959e-01
  1.55541316e-01  1.57858789e-01  1.60601869e-01  1.63789302e-01  1.67439282e-01
  1.71569586e-01  1.76197976e-01  1.81342483e-01  1.87022045e-01  1.93257019e-01
  2.00070024e-01  2.07486853e-01  2.15537548e-01  2.24257976e-01  2.33691499e-01
  2.43891552e-01  2.54924595e-01  2.66874403e-01  2.79847562e-01  2.93980926e-01
  3.09450924e-01  3.26485068e-01  3.45373899e-01  3.66480738e-01  3.90250146e-01
  4.15445358e-01  4.34843659e-01  4.48255569e-01  4.55984443e-01  4.57804859e-01
  4.53916192e-01  4.43543881e-01  4.27803516e-01  4.14203674e-01  4.03242588e-01
  1.74910888e-01  1.72014460e-01  1.71857864e-01  1.72158718e-01  1.72072500e-01
  1.71665192e-01  1.71002224e-01  1.70143902e-01  1.69142142e-01  1.68040246e-01
  1.66874006e-01  1.65673241e-01  1.64463252e-01  1.63266182e-01  1.62102118e-01
  1.60989895e-01  1.59947827e-01  1.58994094e-01  1.58147126e-01  1.57425821e-01
  1.56849593e-01  1.56438500e-01  1.56213090e-01  1.56194448e-01  1.56403989e-01
  1.56863362e-01  1.57594249e-01  1.58618271e-01  1.59956738e-01  1.61630586e-01
  1.63660213e-01  1.66065395e-01  1.68865278e-01  1.72078460e-01  1.75723061e-01
  1.79817006e-01  1.84378311e-01  1.89425588e-01  1.94978490e-01  2.01058552e-01
  2.07689881e-01  2.14900285e-01  2.22722486e-01  2.31195867e-01  2.40368530e-01
  2.50300288e-01  2.61066645e-01  2.72764534e-01  2.85520405e-01  2.99502552e-01
  3.14939559e-01  3.32148194e-01  3.51574302e-01  3.73833954e-01  3.99517357e-01
  4.22220409e-01  4.39386010e-01  4.50969249e-01  4.56789106e-01  4.56837058e-01
  4.50259924e-01  4.36688572e-01  4.22026128e-01  4.09747213e-01  3.99420828e-01
  1.73075587e-01  1.70203954e-01  1.70029223e-01  1.70511246e-01  1.70691714e-01
  1.70611545e-01  1.70320347e-01  1.69865713e-01  1.69289663e-01  1.68627739e-01
  1.67909265e-01  1.67158589e-01  1.66396290e-01  1.65640444e-01  1.64907649e-01
  1.64213791e-01  1.63574666e-01  1.63006425e-01  1.62525743e-01  1.62150070e-01
  1.61897600e-01  1.61787346e-01  1.61838993e-01  1.62072837e-01  1.62509680e-01
  1.63170591e-01  1.64076865e-01  1.65249735e-01  1.66710213e-01  1.68478966e-01
  1.70576081e-01  1.73020944e-01  1.75832197e-01  1.79027736e-01  1.82624802e-01
  1.86640248e-01  1.91090837e-01  1.95993751e-01  2.01367140e-01  2.07230777e-01
  2.13606894e-01  2.20521018e-01  2.28003174e-01  2.36089155e-01  2.44822338e-01
  2.54255921e-01  2.64456153e-01  2.75506645e-01  2.87514746e-01  3.00621420e-01
  3.15016627e-01  3.30966622e-01  3.48865658e-01  3.69352132e-01  3.91341984e-01
  4.09731209e-01  4.23613131e-01  4.32808012e-01  4.37223524e-01  4.36133474e-01
  4.29292291e-01  4.17960167e-01  4.07425553e-01  3.98034155e-01  3.89713317e-01
  1.72447890e-01  1.69569656e-01  1.69480875e-01  1.69994831e-01  1.70239672e-01
  1.70279458e-01  1.70170546e-01  1.69957981e-01  1.69675231e-01  1.69346556e-01
  1.68989554e-01  1.68617591e-01  1.68241754e-01  1.67872116e-01  1.67518854e-01
  1.67192712e-01  1.66905597e-01  1.66670606e-01  1.66502237e-01  1.66416287e-01
  1.66429818e-01  1.66561052e-01  1.66829154e-01  1.67254105e-01  1.67856574e-01
  1.68657675e-01  1.69678837e-01  1.70941532e-01  1.72467127e-01  1.74276546e-01
  1.76389992e-01  1.78826705e-01  1.81604713e-01  1.84740767e-01  1.88250378e-01
  1.92148045e-01  1.96447656e-01  2.01162964e-01  2.06308231e-01  2.11898908e-01
  2.17952177e-01  2.24487722e-01  2.31528327e-01  2.39100575e-01  2.47235596e-01
  2.55969912e-01  2.65346289e-01  2.75414735e-01  2.86233127e-01  2.97867358e-01
  3.10389340e-01  3.23869914e-01  3.38358134e-01  3.53823334e-01  3.69578838e-01
  3.83150369e-01  3.93660247e-01  4.00858432e-01  4.04510856e-01  4.04380411e-01
  4.00402576e-01  3.94472927e-01  3.88282359e-01  3.82166773e-01  3.76307636e-01
  1.73285916e-01  1.70416072e-01  1.70182392e-01  1.70466140e-01  1.70512006e-01
  1.70449555e-01  1.70353800e-01  1.70261398e-01  1.70185983e-01  1.70129284e-01
  1.70087948e-01  1.70057476e-01  1.70034438e-01  1.70017555e-01  1.70008376e-01
  1.70011312e-01  1.70033649e-01  1.70085326e-01  1.70178756e-01  1.70328483e-01
  1.70550883e-01  1.70863971e-01  1.71286970e-01  1.71840161e-01  1.72544658e-01
  1.73422202e-01  1.74495041e-01  1.75785705e-01  1.77316815e-01  1.79110542e-01
  1.81188166e-01  1.83569476e-01  1.86272189e-01  1.89311668e-01  1.92700773e-01
  1.96450204e-01  2.00568989e-01  2.05065325e-01  2.09947258e-01  2.15223595e-01
  2.20904335e-01  2.27001086e-01  2.33527169e-01  2.40497515e-01  2.47928306e-01
  2.55836278e-01  2.64237612e-01  2.73145765e-01  2.82567948e-01  2.92498708e-01
  3.02908450e-01  3.13722938e-01  3.24786782e-01  3.35804731e-01  3.46290797e-01
  3.55640709e-01  3.63331854e-01  3.69023860e-01  3.72548968e-01  3.73918533e-01
  3.73373628e-01  3.71383220e-01  3.68471026e-01  3.65044415e-01  3.61375570e-01
  1.76180065e-01  1.73557028e-01  1.72389492e-01  1.71692520e-01  1.71084851e-01
  1.70675308e-01  1.70485705e-01  1.70482114e-01  1.70618787e-01  1.70852587e-01
  1.71146780e-01  1.71472192e-01  1.71807438e-01  1.72138557e-01  1.72458321e-01
  1.72765359e-01  1.73063248e-01  1.73359841e-01  1.73666522e-01  1.73997700e-01
  1.74370289e-01  1.74803093e-01  1.75316378e-01  1.75931454e-01  1.76670402e-01
  1.77556038e-01  1.78611994e-01  1.79862767e-01  1.81333601e-01  1.83049843e-01
  1.85036004e-01  1.87314346e-01  1.89903498e-01  1.92817524e-01  1.96065575e-01
  1.99652329e-01  2.03579023e-01  2.07845092e-01  2.12449685e-01  2.17392921e-01
  2.22676471e-01  2.28303596e-01  2.34278575e-01  2.40605891e-01  2.47288957e-01
  2.54328549e-01  2.61720628e-01  2.69453317e-01  2.77502716e-01  2.85826772e-01
  2.94357002e-01  3.02987695e-01  3.11564267e-01  3.19876105e-01  3.27663839e-01
  3.34649295e-01  3.40580523e-01  3.45271587e-01  3.48626852e-01  3.50652307e-01
  3.51454109e-01  3.51217330e-01  3.50165099e-01  3.48515779e-01  3.46456528e-01
  1.79436773e-01  1.76960409e-01  1.74701214e-01  1.72580689e-01  1.70700595e-01
  1.70040727e-01  1.69946924e-01  1.70221254e-01  1.70736134e-01  1.71397582e-01
  1.72133625e-01  1.72890738e-01  1.73631847e-01  1.74333751e-01  1.74984381e-01
  1.75580144e-01  1.76123992e-01  1.76624089e-01  1.77092969e-01  1.77546889e-01
  1.78005233e-01  1.78489611e-01  1.79022864e-01  1.79628193e-01  1.80328757e-01
  1.81147978e-01  1.82110325e-01  1.83242500e-01  1.84574187e-01  1.86137781e-01
  1.87966287e-01  1.90089539e-01  1.92530602e-01  1.95303202e-01  1.98410988e-01
  2.01848149e-01  2.05601946e-01  2.09656775e-01  2.13998258e-01  2.18615860e-01
  2.23503262e-01  2.28657380e-01  2.34076768e-01  2.39759669e-01  2.45702133e-01
  2.51896143e-01  2.58327246e-01  2.64972240e-01  2.71796018e-01  2.78748274e-01
  2.85759717e-01  2.92738914e-01  2.99570739e-01  3.06118488e-01  3.12231690e-01
  3.17759335e-01  3.22567105e-01  3.26553524e-01  3.29661965e-01  3.31886500e-01
  3.33269954e-01  3.33894789e-01  3.33868831e-01  3.33309323e-01  3.32330048e-01
  1.81671947e-01  1.79072499e-01  1.76315337e-01  1.73254400e-01  1.69920951e-01
  1.68125346e-01  1.68193132e-01  1.69190988e-01  1.70419976e-01  1.71767756e-01
  1.73134610e-01  1.74449012e-01  1.75669417e-01  1.76775888e-01  1.77761763e-01
  1.78628698e-01  1.79383859e-01  1.80038676e-01  1.80608809e-01  1.81114569e-01
  1.81581035e-01  1.82036728e-01  1.82510644e-01  1.83029324e-01  1.83615878e-01
  1.84290931e-01  1.85075194e-01  1.85993448e-01  1.87079698e-01  1.88381419e-01
  1.89955696e-01  1.91854909e-01  1.94114536e-01  1.96750134e-01  1.99757323e-01
  2.03110725e-01  2.06766635e-01  2.10676655e-01  2.14803696e-01  2.19126612e-01
  2.23636121e-01  2.28329480e-01  2.33206168e-01  2.38264814e-01  2.43500859e-01
  2.48904735e-01  2.54460126e-01  2.60142446e-01  2.65917331e-01  2.71739334e-01
  2.77550787e-01  2.83281744e-01  2.88850933e-01  2.94168681e-01  2.99141854e-01
  3.03680688e-01  3.07706475e-01  3.11158895e-01  3.14001471e-01  3.16224277e-01
  3.17843437e-01  3.18897545e-01  3.19441676e-01  3.19540620e-01  3.19262534e-01
  1.83851525e-01  1.81359977e-01  1.78598985e-01  1.75392151e-01  1.71604872e-01
  1.68844506e-01  1.67587519e-01  1.67907551e-01  1.69823632e-01  1.72238916e-01
  1.74483255e-01  1.76475018e-01  1.78222209e-01  1.79738730e-01  1.81039169e-01
  1.82139754e-01  1.83056250e-01  1.83803424e-01  1.84397161e-01  1.84859544e-01
  1.85225904e-01  1.85545444e-01  1.85866356e-01  1.86221525e-01  1.86628878e-01
  1.87096909e-01  1.87629268e-01  1.88229173e-01  1.88909769e-01  1.89733103e-01
  1.90865159e-01  1.92433596e-01  1.94477499e-01  1.97007626e-01  2.00021043e-01
  2.03482464e-01  2.07253277e-01  2.11160928e-01  2.15147138e-01  2.19206586e-01
  2.23348320e-01  2.27584571e-01  2.31926069e-01  2.36379534e-01  2.40945995e-01
  2.45619759e-01  2.50387818e-01  2.55229264e-01  2.60115206e-01  2.65008539e-01
  2.69864410e-01  2.74630845e-01  2.79250383e-01  2.83662170e-01  2.87805289e-01
  2.91622251e-01  2.95062929e-01  2.98088223e-01  3.00672591e-01  3.02805543e-01
  3.04491609e-01  3.05748701e-01  3.06605697e-01  3.07099164e-01  3.07270110e-01
  1.86292246e-01  1.84248611e-01  1.82003185e-01  1.79494217e-01  1.76722243e-01
  1.73783764e-01  1.71305925e-01  1.70372397e-01  1.71196654e-01  1.73967496e-01
  1.76949799e-01  1.79507941e-01  1.81729019e-01  1.83580607e-01  1.85115278e-01
  1.86376587e-01  1.87390193e-01  1.88166946e-01  1.88705966e-01  1.88999102e-01
  1.89054579e-01  1.89040899e-01  1.89101607e-01  1.89241648e-01  1.89448535e-01
  1.89704940e-01  1.89986557e-01  1.90255478e-01  1.90447167e-01  1.90458730e-01
  1.90964878e-01  1.92173108e-01  1.93999484e-01  1.96465671e-01  1.99572563e-01
  2.03382477e-01  2.07632259e-01  2.11616352e-01  2.15449646e-01  2.19203562e-01
  2.22930312e-01  2.26670220e-01  2.30453297e-01  2.34299332e-01  2.38217995e-01
  2.42209390e-01  2.46264920e-01  2.50368059e-01  2.54495263e-01  2.58616835e-01
  2.62697816e-01  2.66699076e-01  2.70578593e-01  2.74293244e-01  2.77800739e-01
  2.81061649e-01  2.84041524e-01  2.86712945e-01  2.89056748e-01  2.91062862e-01
  2.92730421e-01  2.94067085e-01  2.95087814e-01  2.95813352e-01  2.96268404e-01
  1.88934505e-01  1.87648758e-01  1.86166093e-01  1.84433281e-01  1.82493061e-01
  1.80471972e-01  1.78546637e-01  1.76913217e-01  1.76460177e-01  1.78360522e-01
  1.80891037e-01  1.83379740e-01  1.85725778e-01  1.87631816e-01  1.89207494e-01
  1.90504387e-01  1.91538513e-01  1.92306206e-01  1.92784488e-01  1.92916960e-01
  1.92590266e-01  1.92211628e-01  1.92054912e-01  1.92033201e-01  1.92100361e-01
  1.92225590e-01  1.92377299e-01  1.92509934e-01  1.92549333e-01  1.92403167e-01
  1.92772537e-01  1.93898052e-01  1.95685536e-01  1.98115230e-01  2.01180607e-01
  2.04933107e-01  2.09038779e-01  2.12759256e-01  2.16203555e-01  2.19468608e-01
  2.22635806e-01  2.25771993e-01  2.28927150e-01  2.32133344e-01  2.35406220e-01
  2.38748059e-01  2.42151052e-01  2.45599732e-01  2.49072880e-01  2.52544850e-01
  2.55986720e-01  2.59367287e-01  2.62654155e-01  2.65814841e-01  2.68817961e-01
  2.71634579e-01  2.74239361e-01  2.76611596e-01  2.78735936e-01  2.80602992e-01
  2.82209277e-01  2.83556998e-01  2.84653395e-01  2.85510033e-01  2.86141694e-01
  7.87214100e-01  8.00224006e-01  8.09685767e-01  8.20673943e-01  8.32084119e-01
  8.44140410e-01  8.56502533e-01  8.69297683e-01  8.82880390e-01  8.96265924e-01
  9.10281420e-01  9.24734592e-01  9.39911306e-01  9.55383360e-01  9.71262693e-01
  9.88017380e-01  1.00508773e+00  1.02293408e+00  1.04120636e+00  1.06013262e+00
  1.07986522e+00  1.10020673e+00  1.12122035e+00  1.14306962e+00  1.16562867e+00
  1.18902957e+00  1.21330559e+00  1.23851109e+00  1.26459599e+00  1.29169941e+00
  1.31988668e+00  1.34910643e+00  1.37953329e+00  1.41115725e+00  1.44399142e+00
  1.47833264e+00  1.51400602e+00  1.55120862e+00  1.59001732e+00  1.63049734e+00
  1.67295408e+00  1.71723938e+00  1.76345313e+00  1.81203914e+00  1.86299765e+00
  1.91655183e+00  1.97255969e+00  2.03163385e+00  2.09433246e+00  2.16020560e+00
  2.22959876e+00  2.30370355e+00  2.38240242e+00  2.46583462e+00  2.55597949e+00
  2.65263319e+00  2.75714397e+00  2.87192202e+00  2.99687791e+00  3.13843632e+00
  3.29729700e+00  3.48649526e+00  3.72368693e+00  4.07673597e+00  5.54775047e+00
   85   87
  1.10322809e+00 -1.00000001e-01  1.10191822e+00  0.00000000e+00  1.10562503e+00
  8.91797096e-02  1.11032557e+00  1.50000006e-01  1.12294865e+00  2.50000000e-01
  1.13218749e+00  3.00417006e-01  1.15753806e+00  4.00000006e-01  1.17461586e+00
  4.49999988e-01  1.19510174e+00  5.00000000e-01  1.21933532e+00  5.50000012e-01
  1.24798167e+00  6.00000024e-01  1.28229785e+00  6.49999976e-01  1.31812501e+00
  6.92631364e-01  1.34468746e+00  7.19676971e-01  1.38139236e+00  7.50000000e-01
  1.42437506e+00  7.78973579e-01  1.46777236e+00  8.00000012e-01  1.50406253e+00
  8.13585758e-01  1.55718756e+00  8.24802876e-01  1.61031246e+00  8.28105748e-01
  1.66343749e+00  8.24348330e-01  1.71656251e+00  8.13597918e-01  1.75643790e+00
  8.00000012e-01  1.79624999e+00  7.84080148e-01  1.84937501e+00  7.56877124e-01
  1.87593746e+00  7.40370691e-01  1.92906249e+00  7.03248680e-01  1.95562506e+00
  6.81659758e-01  1.99063671e+00  6.49999976e-01  2.03531241e+00  6.04433596e-01
  2.06187510e+00  5.73079109e-01  2.08843756e+00  5.38296461e-01  2.11519766e+00
  5.00000000e-01  2.14517832e+00  4.49999988e-01  2.17119074e+00  4.00000006e-01
  2.19468760e+00  3.47278535e-01  2.22125006e+00  2.79253006e-01  2.24606299e+00
  2.00000003e-01  2.25801921e+00  1.50000006e-01  2.27006865e+00  5.00000007e-02
  2.26624680e+00 -5.00000007e-02  2.24781251e+00 -1.42591998e-01  2.23083210e+00
 -2.00000003e-01  2.21209812e+00 -2.50000000e-01  2.19053340e+00 -3.00000012e-01
  2.16631508e+00 -3.49999994e-01  2.13935447e+00 -4.00000006e-01  2.10940361e+00
 -4.49999988e-01  2.07616663e+00 -5.00000000e-01  2.03938627e+00 -5.50000012e-01
  2.00874996e+00 -5.87671101e-01  1.98218751e+00 -6.18799865e-01  1.95367730e+00
 -6.49999976e-01  1.90692484e+00 -6.99999988e-01  1.87593746e+00 -7.31698036e-01
  1.84937501e+00 -7.57962346e-01  1.80485821e+00 -8.00000012e-01  1.76968753e+00
 -8.33520651e-01  1.74312496e+00 -8.57975543e-01  1.69560802e+00 -8.99999976e-01
  1.66343749e+00 -9.29273069e-01  1.63687503e+00 -9.51770961e-01  1.58375001e+00
 -9.95463610e-01  1.55718756e+00 -1.01887691e+00  1.51546204e+00 -1.04999995e+00
  1.47749996e+00 -1.08353198e+00  1.43374407e+00 -1.11557364e+00  1.41518855e+00
 -1.13114727e+00  1.39781249e+00 -1.09362912e+00  1.37125003e+00 -1.04192603e+00
  1.34468746e+00 -9.87949848e-01  1.31812501e+00 -9.32410598e-01  1.29156256e+00
 -8.74989569e-01  1.26499999e+00 -8.14750552e-01  1.23843753e+00 -7.50005543e-01
  1.21963453e+00 -6.99999988e-01  1.20162106e+00 -6.49999976e-01  1.18509626e+00
 -6.00000024e-01  1.15875006e+00 -5.06063998e-01  1.14576268e+00 -4.49999988e-01
  1.13218749e+00 -3.79450440e-01  1.11998868e+00 -3.00000012e-01  1.10954666e+00
 -2.00000003e-01  1.10562503e+00 -1.47455871e-01  1.10322809e+00 -1.00000001e-01
  1.01730001e+00  0.00000000e+00  1.01932001e+00  1.11591995e+00  1.01127005e+00
  1.16271996e+00  1.00224996e+00  1.21238995e+00  1.02639997e+00  1.21238995e+00
  1.03497005e+00  1.16392004e+00  1.03842998e+00  1.16235995e+00  1.06122005e+00
  1.16356003e+00  1.09895003e+00  1.16589999e+00  1.13813996e+00  1.16823995e+00
  1.16191995e+00  1.17446005e+00  1.19008005e+00  1.18699002e+00  1.21012998e+00
  1.20185006e+00  1.23081994e+00  1.22499001e+00  1.23939002e+00  1.23863995e+00
  1.26108003e+00  1.28634000e+00  1.28076005e+00  1.33403003e+00  1.28076005e+00
  1.34810996e+00  1.33062005e+00  1.34810996e+00  1.41947997e+00  1.34748995e+00
  1.41947997e+00  1.31036997e+00  1.37993002e+00  1.31093001e+00  1.37410998e+00
  1.30689001e+00  1.36740994e+00  1.26408994e+00  1.36789000e+00  1.22646999e+00
  1.37232995e+00  1.19475996e+00  1.38840997e+00  1.16448998e+00  1.40222001e+00
  1.15728998e+00  1.41559005e+00  1.15646994e+00  1.42587996e+00  1.16276002e+00
  1.48800004e+00  1.23930001e+00  1.49823999e+00  1.23380995e+00  1.49109995e+00
  1.21349001e+00  1.49501002e+00  1.16171002e+00  1.47765005e+00  1.12226999e+00
  1.48169005e+00  1.11591995e+00  1.49105000e+00  1.11275005e+00  1.52942002e+00
  1.10483003e+00  1.60203004e+00  1.09308004e+00  1.64134002e+00  1.07020998e+00
  1.64687002e+00  1.07845998e+00  1.78340006e+00  1.07209003e+00  2.04518008e+00
  1.03909004e+00  2.05605006e+00  1.04322004e+00  2.10643005e+00  9.99729991e-01
  2.08569002e+00  8.69265974e-01  2.22220993e+00  5.19111991e-01  2.24294996e+00
  4.48630989e-01  2.30183005e+00  2.80676991e-01  2.31151009e+00  2.79680014e-01
  2.33364010e+00  2.19329998e-01  2.34012008e+00  2.19872996e-01  2.34645009e+00
  1.98669001e-01  2.34827995e+00  6.32878989e-02  2.35109997e+00  4.20836993e-02
  2.34827995e+00 -2.54776001e-01  2.34645009e+00 -2.72718012e-01  2.34461999e+00
 -4.10818011e-01  2.35109997e+00 -4.20603991e-01  2.23979998e+00 -6.84297979e-01
  2.22333002e+00 -6.84297979e-01  2.21052003e+00 -7.14201987e-01  2.21318007e+00
 -7.32686996e-01  2.20670009e+00 -7.53892004e-01  2.20021009e+00 -7.35949993e-01
  2.18756008e+00 -7.71290004e-01  2.19388008e+00 -7.89776027e-01  2.13232994e+00
 -9.45818007e-01  1.78394997e+00 -1.15894997e+00  1.74519002e+00 -1.23995996e+00
  1.74687004e+00 -1.24047995e+00  1.74579000e+00 -1.24380004e+00  1.64520001e+00
 -1.24479997e+00  1.40117002e+00 -1.24477005e+00  1.38558996e+00 -1.24820995e+00
  1.37489998e+00 -1.25832999e+00  1.36953998e+00 -1.26941001e+00  1.36824000e+00
 -1.27555001e+00  1.36860001e+00 -1.32246995e+00  1.37256002e+00 -1.32470000e+00
  1.42770004e+00 -1.32470000e+00  1.42770004e+00 -1.35782003e+00  1.16450000e+00
 -1.35894001e+00  1.01627004e+00 -1.21800005e+00  1.01750004e+00 -1.21700001e+00
  1.01730001e+00 -1.00000005e-03  1.01730001e+00  0.00000000e+00
    0 0.000000000e+00    0
  0.00000000e+00  8.56918320e-02  1.21871747e-01  1.49864823e-01  1.73763901e-01
  1.94998696e-01  2.14446813e-01  2.32540473e-01  2.48354122e-01  2.64584482e-01
  2.80122340e-01  2.95164645e-01  3.09639484e-01  3.23713958e-01  3.37399095e-01
  3.50759238e-01  3.63896638e-01  3.76787454e-01  3.89414310e-01  4.01909918e-01
  4.14244145e-01  4.26429003e-01  4.38516527e-01  4.50471669e-01  4.62377638e-01
  4.74192202e-01  4.85937655e-01  4.97684211e-01  5.09357333e-01  5.21005452e-01
  5.32678485e-01  5.44307053e-01  5.55978477e-01  5.67655563e-01  5.79325974e-01
  5.91093242e-01  6.02858841e-01  6.14681900e-01  6.26583815e-01  6.38529122e-01
  6.50593340e-01  6.62723541e-01  6.74921691e-01  6.87273145e-01  6.99713647e-01
  7.12304711e-01  7.24994898e-01  7.37835288e-01  7.50891149e-01  7.64080465e-01
  7.77427912e-01  7.91010320e-01  8.04810286e-01  8.18819821e-01  8.33104849e-01
  8.47648919e-01  8.62502575e-01  8.77698600e-01  8.93219173e-01  9.09215331e-01
  9.25652802e-01  9.42704380e-01  9.60485697e-01  9.79296625e-01  1.00000000e+00
    0
